2000
62 16
50 39
84 73
5 43
45 16
12 55
27 4
70 96
12 76
61 47
93 61
34 96
71 88
17 43
74 85
28 25
83 37
82 58
76 38
10 57
27 48
93 7
11 84
95 93
41 12
7 90
21 17
85 52
95 79
73 51
37 46
90 43
93 16
29 49
45 97
8 42
86 55
58 47
9 77
94 88
23 22
43 9
8 10
20 79
16 70
5 18
88 59
35 16
76 78
89 56
64 8
44 15
69 54
15 72
78 86
92 63
98 50
44 62
90 5
48 45
56 17
26 10
36 92
36 4
46 81
17 88
100 98
41 1
12 97
33 66
95 19
27 74
4 73
53 31
58 55
64 63
27 77
45 18
33 9
14 18
48 69
49 47
49 40
93 63
25 58
36 24
49 24
89 53
34 35
79 14
83 24
66 12
20 78
82 69
66 89
82 91
13 41
16 93
65 54
26 87
57 16
78 70
72 18
76 99
99 87
44 8
20 51
41 5
67 29
6 85
82 18
49 23
8 83
23 97
51 15
69 82
34 41
78 77
16 8
74 82
84 78
62 65
70 59
21 4
32 66
17 45
3 83
23 76
52 19
40 14
74 44
41 56
96 18
7 38
44 80
46 77
66 80
66 42
2 26
92 16
12 42
62 3
99 98
48 1
4 64
73 6
38 89
32 69
94 85
84 99
80 61
66 64
52 99
58 3
37 24
61 88
91 11
40 90
65 79
25 42
48 28
92 35
65 95
40 37
89 8
13 66
14 73
96 51
40 74
19 37
8 19
56 13
18 12
46 90
34 48
4 98
41 64
100 21
29 39
80 15
35 40
84 39
99 31
30 38
7 55
49 18
36 11
60 8
54 48
80 75
55 81
42 89
40 44
50 77
88 53
30 77
60 3
100 25
72 42
77 17
7 83
3 48
32 98
92 40
52 80
16 40
17 18
42 40
57 87
99 92
98 1
35 52
26 19
92 42
49 48
90 28
57 30
39 8
73 81
83 88
23 88
38 90
9 95
81 78
33 11
95 46
48 26
25 61
34 14
59 78
61 17
18 94
84 96
73 56
14 9
70 49
89 26
81 75
33 14
77 79
63 4
16 6
85 15
99 58
81 90
53 47
46 20
46 67
2 12
65 28
7 89
13 79
33 36
80 4
36 37
50 78
19 82
34 5
54 44
19 27
37 74
10 75
17 42
91 87
12 41
50 82
75 60
66 19
68 73
91 55
85 63
100 59
56 14
93 56
96 74
43 27
29 23
13 25
4 80
10 34
37 85
73 76
86 68
83 27
15 15
11 71
95 77
57 32
32 7
72 70
59 86
18 22
76 52
29 78
81 15
48 62
14 72
13 78
66 44
91 8
97 2
73 35
88 95
37 37
21 14
9 22
82 55
31 16
80 93
35 27
39 63
76 95
5 48
9 67
23 69
44 74
61 36
45 5
65 35
85 5
20 27
39 88
15 86
74 8
88 11
78 97
58 97
3 1
30 5
61 80
21 76
26 80
77 54
78 24
12 62
54 35
22 22
1 70
79 26
95 75
69 56
58 62
25 82
54 64
13 57
9 97
70 36
55 53
58 15
10 62
22 6
59 79
71 10
100 90
76 53
22 71
21 5
64 9
21 40
38 40
100 40
84 33
95 90
82 56
39 80
86 17
38 30
60 81
95 99
70 76
72 89
72 41
88 72
56 15
67 87
14 85
50 90
11 100
17 7
6 78
57 39
81 99
88 70
99 4
81 5
91 1
92 20
12 75
93 67
58 89
31 86
77 21
48 51
28 20
94 48
19 4
9 29
27 55
24 26
27 53
27 63
93 68
37 77
59 81
80 66
30 66
18 95
93 96
82 42
25 8
27 21
96 46
37 55
57 98
52 44
6 84
15 79
50 27
61 97
23 50
71 79
74 35
58 34
60 73
34 89
16 20
90 24
1 43
24 15
47 65
74 30
97 71
87 62
85 10
4 66
4 42
81 29
71 59
98 7
8 90
13 65
90 56
60 2
41 51
1 6
68 64
34 42
6 59
43 31
62 80
61 99
38 41
40 54
84 69
6 15
76 64
15 59
34 3
94 40
10 13
12 20
9 64
43 86
36 7
71 20
82 21
76 66
20 40
64 10
96 20
31 77
52 14
92 32
53 63
51 4
68 42
14 89
38 17
78 41
65 5
92 50
95 21
83 47
82 100
8 100
41 83
81 2
96 52
23 81
39 13
9 30
67 61
40 100
88 31
20 60
82 96
71 13
91 12
53 65
77 12
5 89
51 31
64 17
94 98
54 49
89 50
81 50
80 54
79 2
80 64
52 75
82 52
17 82
9 80
99 41
40 4
18 83
14 36
50 40
88 62
85 17
19 42
45 35
47 93
1 1
69 53
8 98
49 7
9 47
66 37
52 98
37 59
7 45
75 52
98 16
46 59
84 11
75 42
45 27
91 41
6 91
47 73
14 96
87 8
52 27
44 31
78 55
77 100
62 77
47 50
41 77
21 77
44 6
23 74
78 45
4 82
17 98
93 10
81 42
81 51
14 25
96 24
7 21
90 77
56 34
5 58
15 47
59 15
86 48
87 89
87 20
2 43
48 6
98 43
8 25
60 17
76 1
47 39
79 85
14 97
21 55
42 54
76 72
36 93
59 21
63 68
83 54
72 78
40 65
1 49
51 59
29 68
4 92
42 16
62 95
96 42
92 61
5 9
90 8
11 24
15 100
75 59
83 96
16 73
90 84
70 37
100 87
54 23
39 15
76 68
99 1
39 29
62 9
94 72
84 26
95 69
18 25
27 86
100 30
48 8
61 87
13 10
87 77
84 95
42 63
33 51
84 48
58 85
54 1
83 90
94 75
91 45
25 48
17 6
28 64
57 35
36 52
72 27
85 26
58 60
99 56
7 58
47 25
67 28
11 96
44 26
61 84
27 99
59 12
11 64
84 10
8 47
5 35
15 37
52 87
86 51
85 75
58 54
66 43
1 3
6 98
51 70
43 90
59 70
56 5
40 73
1 74
62 29
56 98
19 86
97 62
44 78
70 23
23 31
86 44
54 69
79 80
100 42
34 72
63 98
19 94
68 90
32 31
51 23
58 45
71 26
32 93
10 49
2 24
82 22
4 5
83 64
73 70
51 27
62 11
80 88
50 43
35 22
81 16
7 98
21 50
48 93
21 3
49 3
38 18
27 7
30 7
78 75
93 49
83 70
15 12
44 7
35 67
67 68
20 2
18 24
43 16
44 89
98 57
48 34
39 32
38 49
78 66
80 10
51 37
10 51
13 45
30 1
72 11
3 74
23 7
24 37
15 23
40 83
39 14
53 19
36 23
81 31
78 73
68 77
100 81
62 62
31 15
55 22
89 80
50 42
94 60
87 19
71 21
50 98
76 80
25 93
70 67
99 66
23 34
6 35
48 2
90 85
44 25
33 70
63 59
10 29
74 26
37 71
34 65
43 100
14 5
50 63
21 75
5 14
72 38
84 92
19 57
11 70
54 11
11 79
26 57
95 85
18 32
73 17
59 55
9 92
46 86
80 51
99 94
55 52
55 89
38 99
53 48
21 6
53 34
84 53
55 32
63 14
100 57
71 97
71 54
33 81
5 86
65 89
38 14
22 16
49 15
68 55
18 90
71 1
74 74
88 3
94 100
56 9
11 76
11 34
96 43
49 31
42 73
10 10
7 75
36 28
73 86
6 21
3 25
54 40
3 76
67 2
7 10
90 82
67 39
69 27
100 47
86 62
37 44
100 39
36 72
68 16
82 51
64 87
65 6
53 13
50 29
69 88
90 35
21 21
5 12
33 8
19 92
38 57
30 31
52 84
63 39
70 13
25 46
18 27
66 28
23 77
11 97
32 99
69 34
34 10
76 58
58 2
36 85
100 9
64 98
7 84
40 98
70 8
94 28
67 4
30 30
42 5
98 26
21 49
42 22
87 9
46 73
79 25
100 41
18 20
64 92
50 73
94 17
57 49
52 57
51 87
58 92
47 97
39 30
38 27
83 60
73 9
32 19
23 54
38 82
86 19
7 8
14 45
89 95
60 75
83 19
83 78
5 61
74 77
4 93
48 63
71 7
77 58
82 25
71 42
71 96
28 99
38 68
49 6
30 2
46 96
35 78
39 68
17 36
20 31
62 12
18 38
90 64
81 97
45 57
19 22
24 44
2 20
1 48
12 2
37 78
7 54
14 20
77 62
67 12
10 95
82 5
70 5
30 24
23 2
9 39
97 89
70 93
90 30
40 84
59 37
53 52
19 12
35 46
100 58
1 12
40 24
57 5
1 78
22 67
27 68
55 6
36 12
38 86
98 20
45 65
28 17
45 59
28 13
66 24
6 24
10 79
49 22
18 46
76 27
60 88
82 34
96 44
62 58
16 5
24 73
9 66
81 98
71 14
46 87
8 22
74 13
67 72
45 14
2 36
1 51
30 70
51 90
60 14
63 83
20 83
33 73
55 30
91 97
80 9
44 34
75 36
76 29
36 18
13 76
73 53
69 23
70 70
45 28
6 58
99 3
24 32
3 64
54 20
40 27
40 69
6 51
22 80
1 45
84 51
94 71
14 15
78 59
82 64
95 54
70 63
1 44
59 96
65 67
93 6
79 63
62 91
9 93
68 22
31 27
95 87
70 52
74 83
43 34
84 62
67 43
48 12
26 88
71 33
23 86
55 78
25 70
8 16
38 21
73 31
77 18
49 73
43 68
56 60
93 100
93 90
41 19
94 6
49 64
41 96
81 12
75 69
90 65
71 5
34 18
83 59
56 20
70 74
89 18
41 32
17 49
67 9
67 46
71 12
57 22
63 17
3 23
21 43
32 85
43 13
62 1
3 50
22 76
35 28
95 57
89 5
91 32
18 56
41 84
56 31
34 17
27 73
7 62
75 68
85 7
94 43
12 22
23 27
11 27
74 84
60 40
62 93
24 11
35 80
20 73
86 22
69 1
60 72
76 26
18 48
38 58
29 19
56 99
23 84
96 71
94 76
32 40
95 10
24 68
72 82
97 19
31 31
91 76
77 95
62 98
20 12
7 39
90 70
33 100
95 60
10 70
26 9
93 82
1 93
74 11
71 72
1 26
49 37
20 86
98 15
4 28
14 33
11 28
83 44
38 98
77 8
65 100
95 58
34 40
81 35
38 8
65 57
90 89
74 32
81 83
4 14
22 54
45 17
61 4
73 61
72 88
50 87
3 80
85 37
17 24
67 7
20 14
58 22
52 96
75 31
75 71
84 31
40 6
54 9
54 31
48 55
69 75
1 28
44 43
19 15
20 56
66 33
2 38
73 20
82 60
8 72
34 64
6 79
5 34
39 100
56 95
20 11
11 7
53 9
64 57
25 87
45 49
33 39
54 10
63 34
87 53
98 64
95 44
79 45
100 4
63 31
9 78
48 80
79 40
47 34
73 78
81 63
72 77
30 29
56 67
5 92
63 86
6 49
2 76
6 16
46 70
28 54
88 22
53 6
79 47
57 19
76 12
14 49
15 5
64 73
26 5
97 81
9 37
28 95
50 34
84 68
51 38
61 90
37 47
23 53
16 33
22 44
72 22
57 65
54 100
43 89
63 12
52 37
54 42
99 77
65 93
15 60
14 80
48 7
46 48
50 74
50 36
33 62
27 100
18 41
18 82
2 92
56 24
54 24
33 68
87 5
86 78
71 77
73 84
89 73
55 69
16 91
65 87
15 93
61 29
3 2
74 94
23 11
34 87
66 58
58 33
71 74
24 75
24 9
50 84
19 96
78 89
33 21
13 44
100 78
49 12
42 3
65 39
63 48
23 9
38 36
83 84
100 72
92 47
26 21
36 15
70 21
69 41
46 85
66 38
64 1
37 79
4 60
61 55
18 52
32 79
57 55
73 28
90 57
53 20
24 61
18 89
9 86
90 18
59 23
86 81
81 96
99 55
14 70
52 34
26 17
21 71
58 90
50 58
3 70
2 97
45 34
48 33
90 6
63 75
20 7
4 62
42 41
75 84
71 24
49 83
3 92
8 23
85 84
4 12
98 60
86 91
25 6
56 48
24 96
5 47
28 75
42 10
60 66
64 13
60 64
17 97
41 78
80 70
50 52
45 77
74 38
61 32
98 92
13 71
89 2
83 14
44 83
43 47
89 4
95 62
66 20
66 87
11 20
34 70
71 35
7 94
22 82
32 81
29 12
38 94
44 13
9 83
46 51
77 38
45 78
64 11
62 97
36 61
9 21
100 31
98 67
51 7
52 52
5 40
80 14
67 40
37 53
43 38
23 36
68 30
94 1
56 2
86 53
28 36
100 97
80 50
29 30
23 4
25 92
61 96
83 9
55 99
5 20
19 48
72 1
46 31
56 54
76 50
78 23
57 60
81 47
32 72
78 38
30 92
97 59
80 42
66 5
75 47
67 73
71 39
91 10
8 29
95 66
10 25
32 90
76 40
64 47
22 28
58 37
19 30
11 33
57 89
93 3
30 27
28 16
4 78
76 55
7 46
51 56
3 52
37 38
60 83
29 29
8 20
2 95
77 33
36 68
54 85
29 62
80 53
44 88
7 50
22 34
25 71
18 1
60 48
74 41
37 86
98 63
78 98
12 68
99 63
77 42
22 98
54 63
78 52
51 94
80 30
75 39
66 27
41 47
10 76
70 50
64 26
20 53
66 2
79 77
45 55
22 84
9 13
75 44
44 82
85 67
4 99
11 91
11 25
47 20
86 83
78 3
25 5
15 34
70 24
61 51
55 73
95 52
56 37
25 31
41 60
41 22
5 46
54 53
64 97
37 29
30 84
65 80
57 67
85 91
55 74
2 81
64 42
53 44
46 41
63 61
95 78
22 94
61 85
44 44
29 13
56 7
85 45
99 82
64 35
47 64
28 30
57 81
65 41
7 40
99 45
19 56
57 15
4 24
49 80
27 8
26 73
67 3
71 27
49 63
4 50
73 10
9 50
40 88
90 75
89 43
44 49
36 1
4 53
91 99
52 93
1 67
68 54
79 66
45 37
97 32
33 90
22 56
30 26
100 33
42 80
5 59
63 73
3 12
77 27
47 80
19 73
91 57
82 20
34 19
53 99
72 47
82 75
41 14
68 60
1 75
100 50
14 38
23 49
72 99
83 74
72 48
37 19
33 65
92 78
40 45
43 23
79 76
89 79
11 68
8 70
91 68
49 61
72 36
21 100
17 76
44 37
17 61
39 75
7 12
56 83
73 91
65 53
53 54
57 14
92 33
80 78
89 64
89 94
33 48
51 17
25 15
3 49
50 68
72 60
96 25
13 1
95 41
89 70
51 50
65 82
3 8
18 50
35 44
93 2
2 51
51 12
53 16
22 15
1 11
34 93
7 20
17 25
16 22
89 33
36 36
24 48
39 44
88 7
64 3
80 37
98 29
20 96
70 88
74 75
76 2
88 46
56 59
19 77
16 72
12 15
85 6
52 29
35 15
14 17
87 37
96 98
91 46
81 67
57 7
90 12
87 33
10 58
45 38
6 82
62 78
81 32
68 1
69 78
89 67
49 42
41 98
99 5
99 78
32 56
54 32
25 62
83 68
83 4
76 8
90 55
18 98
34 39
33 84
59 35
24 66
7 33
18 13
25 74
19 65
33 59
5 91
98 39
9 32
43 6
75 65
94 87
13 15
30 62
95 72
87 43
29 66
42 79
95 39
93 32
67 15
23 93
60 69
93 73
38 2
94 94
40 78
11 88
36 31
65 43
93 74
50 31
93 94
93 38
32 54
100 34
87 63
7 53
26 94
14 51
16 2
44 64
7 59
75 16
98 90
23 94
24 83
94 96
56 70
36 3
37 54
25 68
19 8
43 66
95 91
52 15
96 60
22 61
65 69
70 79
19 6
9 19
35 7
34 8
56 16
49 46
13 35
5 65
6 8
74 80
33 41
76 48
86 41
12 61
76 67
23 60
2 57
5 97
23 83
29 24
46 13
55 44
16 34
7 77
8 31
24 22
12 90
29 33
85 82
93 23
96 70
26 96
80 22
70 84
30 86
49 55
12 100
90 20
3 65
10 50
26 90
39 31
18 76
61 63
67 62
83 71
90 51
69 63
17 66
63 60
91 74
3 32
49 59
24 3
78 91
75 19
34 66
34 83
54 47
86 63
97 42
82 82
100 16
60 85
91 14
14 8
22 73
66 95
2 34
69 17
97 21
17 78
45 45
11 72
80 45
28 82
47 23
100 23
88 34
71 92
67 41
82 78
59 46
2 87
75 27
3 89
30 93
44 45
43 29
46 38
9 18
41 37
40 53
4 59
54 36
28 87
100 45
16 80
13 2
31 28
10 37
82 19
20 63
18 11
40 81
53 97
14 64
25 24
63 16
17 2
39 46
24 87
63 94
86 59
31 97
94 12
40 9
16 92
80 89
47 79
27 46
84 19
95 5
59 36
37 91
14 68
86 30
71 16
46 14
83 61
69 98
69 49
19 40
38 46
94 69
80 17
33 91
7 42
90 99
99 84
45 81
67 25
52 16
34 78
28 44
15 9
85 44
39 11
70 100
35 34
60 33
6 92
84 77
80 72
70 7
89 7
5 68
8 95
51 57
16 60
79 94
59 62
4 51
5 17
82 12
58 83
26 23
99 36
11 92
29 27
81 86
36 48
68 53
25 20
35 88
80 13
53 68
27 66
3 18
35 42
49 43
39 76
82 32
54 54
25 45
78 58
70 83
24 4
24 95
53 41
12 40
37 13
51 98
74 16
68 78
58 10
42 2
42 21
44 11
94 51
33 63
86 26
35 76
5 6
15 30
93 99
31 65
57 74
90 19
12 37
16 48
71 9
95 2
46 92
96 39
87 1
43 37
24 63
53 75
52 5
79 75
12 69
59 22
52 82
49 54
56 100
57 92
30 42
91 83
35 58
74 6
70 9
29 54
34 95
86 33
5 50
86 6
69 26
82 9
89 74
91 94
35 23
22 72
24 40
46 22
35 97
47 56
12 91
30 20
35 32
50 81
83 41
70 54
62 26
