3000
3155 5322 4364
1172 9812 8976
0845 3818 0736
9015 6020 2352
5782 3563 2720
7604 0864 9958
3700 7538 6513
9885 1505 5839
0672 6855 6287
0845 9259 5640
9167 2038 2644
9768 2758 4210
1483 3337 1114
4405 2176 1603
0146 7182 6484
9695 8586 2504
8976 8482 3055
7168 0149 3568
2120 9270 5640
1905 0845 5261
6794 4291 6984
1085 9909 2010
5632 3700 3662
8977 8057 2255
9992 6029 1841
8761 4740 3800
7168 6586 9768
1025 6540 5671
6162 0774 7629
9097 7939 3188
7118 0751 2335
9965 0845 0024
7118 8289 9571
5731 2987 6287
3700 5996 5121
2865 4570 3217
1982 1542 0763
2735 4126 1349
5728 9987 3106
3616 9677 0003
4442 7354 3760
1172 1330 6212
4364 7807 6249
3771 1057 9464
2511 7652 8917
2148 4713 7696
5640 6966 7434
1398 0908 2506
0004 3234 8438
2091 1680 0449
2478 4560 5065
9259 4511 3636
5996 4934 7232
6484 7739 1043
3090 8942 1564
3534 0399 4442
0440 9161 8866
4399 2279 3387
4291 7054 2262
0377 5444 2868
0313 6452 6734
8385 2767 4543
5051 2091 4746
2557 8465 3715
2871 0097 1084
0146 1341 5812
4097 9500 9894
1462 8735 7557
5800 3833 0639
2091 7232 4800
6185 3054 4800
0492 5595 5960
0193 3713 7994
6452 7046 7062
2870 9625 7118
5885 8977 1069
4194 5177 3194
5858 8382 6998
4213 3760 7726
7209 5812 8670
8230 1330 4397
9965 5477 1567
5869 3172 5308
0935 2446 0097
3880 2206 1196
9328 5081 3172
7609 9033 8976
1178 7828 3461
9811 0774 0193
3085 2093 7533
6744 3765 4411
8189 9259 7267
8979 4349 3608
6744 2384 2038
7380 3952 5530
6926 0751 0771
1857 2411 1625
9121 6196 3217
4812 8320 3568
2091 6810 3965
3085 1943 3981
1603 3241 4873
5582 1943 2071
7879 6342 3568
9803 2255 0024
4443 5203 1487
2091 8524 3234
9779 9911 9463
0985 4985 4840
2172 7604 3405
0321 9598 8147
0205 0928 9010
4375 5177 9365
1790 5812 4812
8016 1085 2311
8313 4126 6717
8108 7615 4612
1360 3155 1459
1323 3755 3145
5532 7118 2865
9221 8735 2264
1330 6962 4570
3370 5177 0771
5761 4318 9625
4511 6316 2439
5819 1085 3129
6164 5037 6000
6707 3038 1293
1674 1148 2683
1462 8866 0617
5839 3630 9644
8427 7863 7609
4570 9463 3266
6990 0193 9850
3405 5065 3266
2015 4570 6339
3149 0053 9677
2091 1994 9034
8276 1084 7181
1262 4800 4126
0212 5065 2171
1483 0639 7562
8128 3052 7160
7511 5480 3217
9526 7016 5477
0802 1669 0958
3568 1943 4229
0019 0578 1883
1922 5773 5852
7569 1233 7249
5906 5308 7085
7538 3213 3701
4685 3479 4405
3662 3266 1699
4514 5657 2524
6432 7807 1178
8615 5425 5966
9965 7016 0187
5852 5995 7576
4511 8738 7410
9836 8831 3802
7096 9328 8406
8779 7609 1587
8230 7869 6455
0321 0703 2478
0908 8660 4840
7524 4053 2551
8586 5839 9002
5308 9379 2720
7054 3755 6594
8406 4514 9894
9850 0473 9161
7160 6962 4713
1010 5861 6036
9671 6287 8276
4380 2262 3555
2390 6926 2311
4872 6451 7085
9677 3568 2071
7143 7226 4230
2439 9946 7807
3880 3802 8586
9463 8140 8315
6162 7139 5612
3590 9042 2593
2720 5121 7009
0294 3608 6324
5979 7576 8938
3085 2572 7022
1589 8913 2680
2091 5595 7910
5595 1564 5081
5121 2455 9885
9431 6029 5773
5800 4194 2262
1875 9268 1259
5034 0821 9018
1032 0198 2422
0313 3398 8534
8795 4397 7212
7910 4291 3054
8385 0346 6382
6109 2422 9379
5923 0175 2504
4873 4511 8385
2810 4511 1483
6377 9677 2871
5969 7106 6543
8658 1595 9161
7118 0763 1603
7046 8515 7538
5860 7072 6876
7048 9097 1032
4800 6249 5996
4236 0656 9323
7048 9500 4364
0046 8016 3038
0769 0118 2551
3802 0089 6485
6115 8070 7807
5021 0235 4061
8524 2091 1564
8465 9423 9946
3790 0026 1024
9885 0703 5657
7118 9676 2314
8534 8173 1657
1922 5506 1317
0776 2586 6066
6749 4377 5369
6626 7863 3267
1580 0422 1975
2316 1943 7118
9205 7096 4872
6324 6744 6808
0771 2262 6185
7306 2120 4391
9796 3030 0693
0449 3383 5869
7096 4511 9987
9108 2120 1580
7068 3241 2953
2446 2311 2660
3760 4417 6266
3354 3636 4511
9885 9647 4207
7601 6029 9887
9369 7306 0468
5530 5437 2314
0110 9023 0281
9268 9667 1975
4106 3129 8289
3217 0259 5376
5595 9812 0568
8779 5880 7601
2071 0967 8394
0422 2723 3414
1055 9969 7009
2456 7576 8264
3368 3217 2758
8866 2814 2422
9251 9463 2264
7434 5376 6162
6236 4323 3172
4840 1567 3229
9812 9033 0069
6185 1524 0422
9611 7223 7118
4874 0313 0845
3479 7509 9121
1487 6029 8452
0679 2171 9779
6109 6876 8524
8289 0763 3172
0967 6236 3200
9268 8917 3534
6892 5966 0302
6212 3392 0617
0024 4364 0656
4399 7254 4195
6162 6377 9958
1524 0845 4511
2228 0774 2572
8807 8524 2228
1524 8254 3398
4906 8866 7212
3052 4514 0883
0703 6185 6986
2258 5861 1330
3217 2964 2557
9471 1674 2557
6001 9053 7557
6484 7601 6207
2572 6249 9215
6485 9310 4126
3608 6173 5671
6486 0604 3616
8735 5193 2341
7368 0821 6808
7402 6377 3741
1450 3337 2871
1462 5731 4980
2078 9796 2411
8465 3662 8131
9023 9774 2895
2895 2557 3274
3461 7609 9671
9677 3461 9133
5657 9779 2985
7402 9946 3800
5440 8917 1875
4980 5996 5582
6484 6452 3217
5035 5115 7181
6693 0056 3450
9440 8402 4865
5121 2605 8670
2352 2279 3217
2203 5800 5728
5116 8761 2206
2767 8140 9877
8276 5437 9419
7118 7739 1241
4514 4873 8385
7160 3755 8016
1558 8534 9867
7601 1657 5180
2895 4511 2784
3378 7306 0377
6316 1323 4021
0774 7524 7579
2187 2870 7562
8795 6111 0639
2557 5021 0003
4411 8575 9909
3055 7863 9958
4562 5839 0928
3805 2964 6651
7649 4570 9885
3720 2120 5638
1293 2865 7652
9750 9526 7267
5996 7232 9836
3267 6486 5538
4800 4304 1398
9212 7046 5582
8942 2071 5211
1360 5140 8976
4612 9813 3765
1042 0406 7524
5800 3267 9053
5640 9768 8320
8586 1710 6542
3662 0187 8942
0776 0821 0399
0821 6734 0467
7807 4514 1586
8575 1587 6486
8147 3995 0568
4612 3918 7322
1032 9667 7410
6389 6324 3378
2378 6432 2422
5177 5612 4417
5187 0110 8795
6685 9699 2228
4740 2961 5261
6644 4447 8534
1943 1408 1333
9965 5931 2010
0614 3398 6207
1863 7500 3020
5201 5021 9987
5140 6984 4199
1922 9300 0827
6036 2914 0399
8779 8757 4713
9909 7074 6036
6484 2203 9867
2478 7693 3981
3713 4612 7649
6266 5931 8452
3101 5574 4562
9987 0346 5180
8379 1196 1982
1233 9270 6126
0552 3630 2730
2021 5595 7509
9803 0602 9259
0110 4800 3701
7787 6066 4800
6029 5035 9023
6361 0208 6515
4731 2767 3705
2511 2314 4194
9909 7446 8867
8452 2093 3479
7188 9300 3952
2262 1330 1639
2455 7118 9671
6855 9053 3398
6266 5725 7787
8805 4724 0473
2422 0003 6810
3052 2093 3720
0440 2870 4443
0559 3062 5121
4873 9167 3760
3878 0845 9799
3878 1943 5912
8385 0294 9328
0935 1836 8140
1672 9812 3927
0250 1863 7156
6693 4134 7181
8394 5442 0751
8824 9571 6651
3952 2358 8791
0602 2425 1644
9527 3217 4210
1178 2384 1660
3760 4865 0446
2997 0864 5480
2091 8230 2953
5912 6170 0614
5996 0559 6998
2985 9683 5199
8819 9134 1657
2895 7511 0769
7963 7739 3054
5658 1922 6513
3895 3461 5012
5995 6324 5530
1459 3568 7068
3568 5065 7402
2010 2390 6126
1341 1330 7118
1680 4304 5057
0552 8313 7240
0046 7232 3054
1644 6626 2341
9667 6343 2824
3921 9328 8232
7601 1639 5800
2816 7009 7787
5657 6249 3052
8524 7910 1324
0769 3611 4768
8877 6794 6962
8072 3653 4364
9310 0473 8394
5115 0313 7065
0568 9553 2644
2511 6881 4236
7208 2172 4713
0578 7807 7143
3292 1032 1462
6734 7322 9023
3461 1863 9867
9942 3090 8232
8406 9683 4560
2279 1582 3720
0399 9909 3241
3771 3241 8189
1043 2015 1043
2478 3405 2456
2524 2279 7208
2377 1710 1669
8406 9813 3052
2248 2542 5671
6451 6000 4399
8779 8658 3030
8515 0224 5812
0771 8412 5477
7994 2360 3833
7579 8320 0693
5905 5996 4124
6185 9161 4514
0110 2311 4126
2091 3765 6128
6109 9527 7038
7629 3823 3713
7576 1048 1390
1943 8289 3878
8660 8212 5530
8288 0821 1505
4591 4736 6484
1922 7601 5960
3690 3370 3951
4978 7046 7227
8819 4591 5753
5703 2723 8379
5128 6110 7604
8230 0019 4210
8700 8119 9379
6350 7576 1085
4840 2411 0019
5538 5839 5153
4562 1032 5228
4134 1317 7212
2964 9750 5480
3760 1317 4377
9134 1057 5996
6734 0845 1398
1317 6249 0774
1558 5709 7696
5226 7410 6484
5127 6513 9969
8170 4591 0056
0555 1114 1790
9259 9803 2874
8394 6543 2605
0193 3405 7048
5495 6149 8867
0693 5308 0053
7121 3700 9369
3337 3662 5477
2554 1261 9464
1025 7118 9647
8105 4713 6515
8743 8615 9965
6361 8977 8913
9671 5140 7302
2551 8819 6513
0468 5437 9571
8658 3534 1341
3691 0672 3700
3568 8106 2456
7649 4408 3337
8979 4731 1085
7726 8232 1943
9949 0693 8942
0003 0776 9958
8795 1262 3563
6794 0198 2078
6066 2680 4855
9779 2038 2439
1085 0703 3568
1487 3292 0606
2378 8615 2360
9018 9811 7911
0110 7911 1680
8230 7434 5199
9121 6377 4397
3981 4543 9965
9310 6484 6377
8578 3568 6610
6582 3616 6126
8834 2015 7085
2439 9958 4906
2752 4061 4942
5632 3895 9647
8586 1582 5761
5407 3054 4067
3479 3387 7557
7077 6513 8041
8917 0022 5369
7240 0883 7937
5582 4042 7016
2279 3653 9259
3368 2203 0821
7509 5969 0703
4942 1943 2557
3765 2551 0396
9942 4207 3030
2187 4873 6109
0736 8586 3741
0019 4713 8534
2120 6794 0399
8230 2076 9129
1360 5121 9023
9803 2554 0056
8212 2586 1600
0377 6484 3461
6667 9463 1261
9268 2914 7065
7124 6515 6029
2228 0780 8615
9965 9676 3802
5858 7048 9121
2327 1657 3715
6437 3713 8700
0802 0399 1883
8515 1084 1625
0693 4511 7046
6651 3090 4021
0048 3831 3129
2015 2511 9079
6749 0617 2314
0995 3880 4865
0313 9129 5177
3145 9644 5116
7963 3813 4395
9965 5640 1559
3895 6582 5657
9992 5200 7046
8385 0640 9987
4405 0958 6249
9369 0774 6998
7647 2657 7232
4612 9850 5021
0056 4511 5979
7538 0440 9423
2478 4205 3445
8652 3805 4029
6149 5444 3713
4511 3882 4570
6744 1592 0097
6543 8794 7629
3052 2059 7046
6109 3085 0604
9867 0331 1674
2040 5127 0110
0967 5800 9310
5574 4331 0266
3387 8105 2425
8519 3831 6200
3797 5180 5638
6928 1330 4713
8519 0988 5761
9348 2723 3921
5035 0988 7731
5632 6744 1781
9348 6548 7511
9683 0020 2228
2657 9299 1241
2511 9079 9108
8987 5906 4097
5819 2093 9379
6707 1857 3800
2655 7065 9647
4591 5177 4126
5960 7096 5193
4142 6200 2091
4179 0578 4097
1010 3229 1178
8757 3805 7787
3802 4134 3741
9154 9867 4331
2868 6691 3031
6792 9611 4395
0679 5186 0656
4323 5116 2524
5742 2478 4736
2997 4499 1848
0958 0259 6128
3062 2551 5996
5979 3715 8289
1625 1024 6237
0331 9259 0193
3274 7963 5376
6717 6029 6484
7601 3299 2824
0079 2038 1905
4840 6173 3895
3997 3145 7731
3599 7046 6149
9629 0468 1462
7232 3662 0763
8586 5728 6966
3213 8819 4102
7093 8465 7072
1959 6318 4395
1943 5532 3135
9803 0602 9909
4669 6029 9803
9095 2557 2542
5905 0346 8524
5203 7886 5640
0056 2446 2279
7422 5081 9541
6380 3368 2723
5812 6316 3568
5773 9811 9868
6950 0782 2148
7533 3337 8779
2228 0685 8140
4873 5051 2735
5798 0703 5081
8394 8242 7096
0602 6950 3822
0908 8944 7642
2554 2549 6515
9671 0046 7696
7232 0012 7124
0026 4391 3895
7118 3568 9121
1592 8633 7696
2091 7074 3833
1487 5153 4021
2456 8394 9992
0598 0467 0988
6361 4873 5177
8944 9697 3213
7410 4187 9018
6324 3106 2130
8412 0003 6717
3054 9072 8738
5203 3760 0679
4405 2179 2413
9887 3062 5193
6717 3616 5800
2814 1857 0294
8867 5894 4873
0728 9803 5421
8289 7118 6990
8779 8738 4591
6287 5710 7046
2987 2272 2752
9431 5358 4873
5960 1341 8264
1660 4669 9023
8711 4740 4560
5725 2748 5660
5969 8385 0669
7642 1600 0958
1975 8344 3188
7038 7168 2997
1586 9079 3818
2439 8189 7422
6691 7240 2557
1657 6594 5742
7538 8791 5021
8108 7302 2091
2557 4194 2997
2038 7562 5811
2824 3378 9270
7601 4768 7579
7380 0988 9023
2557 3813 6744
2557 8465 2422
4190 2868 8379
5638 0794 0089
5657 5065 4194
8108 2655 7048
0617 7410 8385
7118 3149 9002
8016 2895 5761
6794 9053 2076
4713 3590 2644
3630 2865 3524
9097 4205 9154
5743 2279 8738
3568 0004 5811
6324 8735 1975
7601 4053 6586
4230 3524 9259
1600 9894 1450
3274 8867 0079
1324 1589 9625
4210 3690 6540
3267 5538 6542
9799 1032 0003
9629 9949 2411
1452 0235 0967
6984 8917 5116
0679 5621 9072
0774 6020 0294
3479 4713 2335
4405 5201 5537
3813 3818 4800
8586 2439 1957
4106 3790 3882
5187 4872 8140
1330 0195 4097
3691 1922 3563
8232 3568 6548
3266 6744 2895
2456 0026 0266
7188 4874 5021
6808 1214 7062
8831 5538 5153
8586 9526 8320
9121 4236 7072
5199 3054 3234
8105 7609 6451
6451 3951 2360
3200 0193 1660
7557 6950 5869
3630 3599 6170
9299 9791 6855
3568 8979 2511
1114 2644 3266
7807 8615 5743
2425 8757 2262
2456 9598 0693
6287 1233 0821
5612 4442 7118
8711 7649 5506
2997 9259 0693
8711 9598 9095
9965 0294 2767
8610 7696 9310
4724 2360 7994
6066 1875 6794
6808 6513 0763
0449 2335 7048
1324 6237 1483
0614 1524 0449
2720 1261 2542
5177 0598 2895
2801 9252 0212
7181 8406 9419
7168 0467 4873
2248 1055 3882
4432 1241 6212
8779 9911 2644
3760 7615 3568
4194 1317 6350
9120 6249 3921
4364 0774 9259
9796 3461 3524
9803 0935 8140
1904 4067 5905
5123 0056 1524
6173 0003 9911
3208 1735 8128
1582 3524 5177
3760 7306 9095
1587 7118 6734
1592 8105 6487
8382 3358 2187
6794 8131 7168
5905 2384 0995
4980 0672 9965
9799 0928 2814
1360 0568 2767
7181 2413 2059
0958 6749 0193
2314 4511 4873
8819 6744 4411
0820 9281 0617
4162 7531 2327
3217 2871 2316
4669 3200 9129
8402 1975 6986
7254 5906 0175
7422 6794 2657
9667 9423 5226
0302 0321 4511
1114 0056 7226
6513 0235 1196
9894 2314 8382
5812 7739 1841
8140 5097 7696
4511 9042 6342
2586 3800 4067
3823 7085 5894
7569 8796 5995
7065 0617 1660
8794 4985 6170
2865 1487 9319
9463 8610 3700
3155 8807 2644
5537 2542 8791
7240 2554 5477
0578 3568 5640
8140 0988 6998
7189 1178 3882
1710 0606 4097
5671 1582 7227
1450 3155 0079
2358 1982 2810
7208 8289 7594
2130 0313 8090
2148 2352 5180
6644 2314 8406
0606 8977 1084
5261 8615 6984
2255 3797 8310
1214 0685 2093
8979 1330 9647
7168 0639 5595
2657 7434 3234
5800 5710 1324
3461 2456 9699
3662 3700 6505
8402 7834 0821
9129 8133 6950
3831 3241 2078
3213 5800 0104
9079 3031 7156
7446 9926 1483
3135 8795 1974
7189 7879 5839
4724 0995 3685
6651 9079 3568
6626 0229 8385
1259 2425 2179
3831 9500 8041
1010 9252 9877
1085 0198 3387
8016 2311 0774
4195 0780 1781
8232 3054 7828
5861 6455 9419
9369 9958 0026
1408 2327 3405
5369 7879 2953
0774 3234 6903
0396 8610 4399
8140 8735 0821
8738 0693 3398
1043 7576 0672
5960 5201 7562
9097 1710 3616
1043 6200 9072
1841 7911 6484
0967 6377 5640
7629 1025 1735
3951 4511 5127
1452 4134 4391
0110 2554 9259
8173 5530 3213
7601 4029 3568
5621 3401 8264
4103 3555 7787
0321 5121 9877
3020 1589 3194
9909 7739 1857
0639 1462 1857
4210 2203 3228
6966 7226 4843
8743 7124 3370
7963 3878 7850
0821 5812 4318
0604 6582 5437
3568 4397 0606
1262 5180 1957
5737 7910 4843
7009 9365 5703
3630 3117 9598
7609 9268 0776
0774 9121 3662
2506 3383 5858
9667 3705 4685
9212 4843 4978
9033 4405 0864
2358 3555 4934
7615 6487 9205
3636 3568 3052
0598 0763 0468
7168 7446 0004
0908 6249 3267
9053 9369 0302
4934 9867 9813
2228 3445 4511
4230 1317 7354
5612 4399 0693
8438 1048 1524
0703 0193 7368
8586 9526 8016
1582 9053 2987
2961 3805 2985
5314 9033 6542
1600 1317 7533
2040 1085 0422
4207 7227 2552
3370 8173 4527
8743 3715 0776
8385 1462 0821
3997 3054 3818
2511 5839 7557
7306 0195 8519
7615 1968 6361
9589 9965 9463
4942 9161 7476
3818 0259 8796
2504 0821 7016
0449 1261 0604
4591 6794 4304
7642 5166 7208
3354 0935 5477
9215 5180 7834
4985 2801 7538
3368 1559 2478
2411 7048 7143
3337 5538 4511
6029 7538 6361
3822 7209 6451
8320 0774 9796
1639 6110 0053
5437 1639 6876
3951 1660 0782
3691 2413 7911
2456 0193 0346
6626 2091 0195
2179 0259 2683
7106 9281 8716
5885 6361 9867
5532 6149 6990
6744 7642 7787
7316 5731 0003
4405 4511 5869
3213 0820 3106
1317 1233 1261
6543 1660 9750
9252 0473 5201
8795 3741 8586
4906 0751 4230
2185 8615 7649
2255 3038 5180
1943 3611 5819
3713 1592 3506
1841 5966 7380
9268 0988 0656
6212 1672 2279
3055 1943 4736
2255 3608 5800
0481 0771 8779
3054 0467 9167
1680 3856 0883
5812 1429 6998
5065 3700 0022
6342 3755 5638
6794 3602 3662
8578 5800 7232
0124 6562 1592
7576 9328 3414
4194 1317 4097
7601 5725 6164
2425 4375 4213
2557 3691 2413
1349 2148 0606
1317 0377 5333
7601 0019 3652
7863 4527 3135
2683 3568 7601
8652 3818 9796
8232 7046 5477
5180 7038 5869
1024 2010 9671
2413 4061 7118
7601 4126 3461
2504 3052 3398
7077 1450 9909
6586 9779 0845
3951 1032 7684
1433 8452 3299
0004 9095 0481
4067 2314 3101
7022 9251 0703
3568 4570 8418
1317 9774 7306
3608 2974 1057
5444 1586 5582
0776 6998 0446
9541 8230 5728
1241 2542 1413
3217 1330 3805
2422 8796 4395
4411 0440 6036
8794 9867 8128
3818 7911 8738
0669 7937 6111
1413 0422 8819
4713 9697 4560
3895 0958 7227
3266 8189 1841
9887 2504 1032
4097 6903 6029
4126 9683 1905
5034 0845 1483
7316 7939 7209
5574 9252 9949
8738 6149 4124
3555 1680 8412
2557 8057 0908
1433 6644 7048
7181 0193 5115
3020 9129 1462
0820 5140 8382
5731 4442 2316
3330 5180 4399
4103 0776 2059
7227 5640 5116
4364 0205 9909
5761 1600 3398
8524 6515 6962
6950 9791 1739
2093 9144 3662
0396 3568 7096
7232 3690 2258
6455 2735 2455
7538 9695 1178
8441 5725 9328
6173 0195 2378
5812 8189 4873
3172 5969 0224
9644 8824 2683
2076 7963 9097
7182 8711 2446
3636 3818 2730
8670 8824 4843
7046 5084 7232
2091 1821 3599
2012 3652 6950
7410 5595 1875
2554 4527 9909
0967 7649 5127
6455 1114 0079
3052 9667 9310
1580 9543 8090
8254 2572 6582
2895 8320 6548
8170 9589 9300
5444 2549 0763
0693 0751 8313
4291 1259 8406
2311 1597 3267
0883 5444 1433
8232 0193 2179
7642 8254 5632
5839 2644 2644
2023 9526 0056
0774 8482 5931
8254 2425 4685
4237 6436 9281
0422 2542 5880
6051 8610 9791
5543 4199 5969
2814 9053 9677
5506 9133 6927
5180 7241 3720
7807 4304 0604
8427 6562 7594
2985 5065 7077
1595 0079 0331
8385 8738 5308
3506 0281 3200
5355 7240 0617
4669 6162 3398
3241 5097 0845
6881 9727 5081
1524 9299 3052
1353 2316 5671
0967 1524 7072
1943 5728 5477
1710 4713 7208
4874 6185 6389
0821 6487 3831
3760 3555 9553
5996 8944 0908
1672 7609 3951
7068 2171 5538
1032 3662 3450
4800 0079 7227
3715 6212 5743
2203 2593 4236
7380 1680 8310
9010 6749 9365
4237 8289 4229
0313 4873 7208
3055 1408 6126
8805 1586 9365
7557 1545 5839
7739 1974 4713
8402 7354 1043
5444 5153 0467
3213 0208 2478
2228 2456 5739
4230 3608 1057
5021 8987 3052
7048 3030 5728
4236 4906 0606
0883 1851 8877
9023 8779 0728
0985 8716 7642
7118 8313 0302
9023 7937 1592
5731 1646 5632
0776 7270 3611
3155 7209 5116
6513 1883 1735
5742 5640 4103
2817 8977 2021
7156 8884 5051
3534 5737 3813
0187 9942 3450
7731 5477 9695
6170 9079 5444
6927 9440 3234
7368 9812 7038
8465 3720 0736
9348 1957 7524
2078 4511 4142
3020 8106 7615
4397 7182 3895
1922 8515 5012
1114 6808 3846
2314 7601 7038
7302 2439 8402
6324 0552 2997
6164 7096 9894
2130 0606 0046
8189 8700 0198
8711 2358 4417
6966 7054 1545
3805 7911 4053
5782 4713 6350
3755 3117 2010
6717 5773 7693
2552 9205 1483
7482 0928 3031
8057 5869 7615
3568 5638 9121
0365 4873 8418
4291 6451 7642
7270 3802 9135
1975 9299 4331
1597 0821 6651
3358 5722 4395
6249 6903 0187
5906 2865 8133
8090 6343 0771
7189 3813 3229
5812 8794 0187
8254 0294 0771
2861 8140 6540
8944 4872 0026
8140 1333 1905
6164 8385 5127
3741 3234 3479
5839 6484 3831
1317 1459 4331
2076 0672 0805
3299 2964 8976
6998 2557 1398
1233 5537 4511
7629 3241 4365
2455 3822 1699
1922 9108 3987
1483 9023 7869
2644 4162 8615
3846 5537 5812
2172 5261 5969
7182 6128 8406
8189 0266 1025
4331 3213 2091
5201 3760 3813
7046 9799 9010
4724 4724 5621
7787 8385 7226
9464 0821 6185
9018 2076 8515
4042 2953 1429
8524 9348 0104
0802 5638 5621
3568 6237 3358
8105 0802 1595
9683 2040 2758
2413 5640 7241
2456 9677 1043
2752 1542 5969
2767 4432 8406
0468 9097 8979
0266 5203 3630
2130 0079 1042
2040 7476 8242
9965 9161 1483
3145 8385 2279
4377 5885 7368
2657 6582 3568
9010 3392 0446
7531 2091 9909
7601 2021 0693
3213 3741 2172
2987 2557 0208
6317 5632 8610
0104 5672 2021
8406 5121 3208
2752 9348 4511
4405 3370 9053
9894 1085 7604
9667 1178 5177
3700 6249 7879
9987 5355 7046
0685 6986 3145
7232 9464 5960
3234 0639 2358
9084 0763 1857
2038 2953 8861
2228 3568 1589
1848 5861 5517
8658 6744 3337
1660 5530 3700
1172 6794 6744
0935 6651 0988
4560 8289 3090
9589 4829 8242
2425 6562 6515
2593 1330 3378
8232 6249 8819
0928 1450 6513
4207 1875 5128
7434 2551 9987
1333 4021 0845
6691 6693 2358
9799 7316 1587
6350 5995 6610
7168 2335 0473
6513 2172 5996
3662 3555 4452
6984 4511 2985
2279 5638 1545
0406 2964 4291
8658 9683 5477
6962 1582 8041
4106 9121 0396
3831 1360 3360
9987 0104 5517
6855 3229 4205
7834 8534 3506
9023 6196 0751
0703 6455 5228
9811 6893 2179
9987 2091 7240
8807 4873 5115
1505 0365 1172
0703 9965 3608
9987 0175 0056
1259 3188 9695
9598 7500 0672
0614 5858 7684
6389 9259 1341
4411 1324 8254
7615 5355 0321
2816 3155 7223
5931 7368 5861
1487 3145 3370
9695 5532 8057
4213 5996 5672
0967 2814 8938
4829 2964 2203
3398 9042 0449
9779 5537 4452
4685 4194 8070
3929 1660 9463
7240 0728 0422
9120 5969 8140
5574 3705 9894
4194 6382 7168
7422 5174 0110
3450 5742 5226
1586 1408 2425
7054 0321 9992
9885 9779 2657
1975 0089 2425
7009 0908 8402
2148 3882 4190
8987 4399 5116
1975 1178 5376
4873 6212 4237
2997 4417 8586
2549 8385 1042
9992 5966 9310
1735 8615 4210
7208 0481 8173
7939 2148 9911
8615 6200 9268
2091 9121 0782
9695 7576 0640
5621 9300 9259
4237 8465 9727
0728 0022 5437
9268 3054 1148
2439 6029 8938
5660 0195 6029
0802 6626 9589
0124 4591 1259
0205 0763 9053
7601 2120 3405
8105 3700 7209
5012 5773 0617
5226 5595 3951
7156 3479 1450
5407 6164 1672
4713 7156 5969
6162 5660 8108
1261 6173 5127
9911 8140 9894
4331 5538 9053
6318 1592 0302
9348 5800 6249
8402 1595 6928
3878 1055 5960
2203 0617 0062
6126 7254 1558
0259 6651 8016
8071 0845 1739
5709 1580 5837
1625 1592 2824
4511 3700 3090
6717 4207 1957
5839 3880 1567
1922 4236 3833
2411 6036 7910
4514 0266 4331
4978 3805 6249
8497 3145 2964
9885 2748 8232
7594 9803 9053
7118 8468 9259
1959 1680 1836
7910 3387 9431
2439 3981 4980
7963 5773 2021
9221 5595 2314
9589 1390 7828
3517 5199 0614
5966 8622 8497
7731 6377 0198
2767 3217 2446
7879 0656 3951
6744 4162 7696
0774 5742 7208
4840 9894 0205
3611 9812 3608
9018 7604 9644
4199 0062 9053
6432 1293 1851
7232 5421 3555
3415 8173 4318
4331 0193 8873
7046 0769 0079
6249 7579 0988
7649 4236 7629
9053 7511 7306
8976 1545 5996
7118 8406 0820
1085 0820 6990
5773 3700 9328
4840 0026 1032
3358 8884 6808
5166 9911 2816
5753 3145 8877
9611 1660 2439
8465 7316 5640
3652 3054 4740
9023 5440 3929
3599 7062 1769
3106 2554 7046
2439 9133 5761
8913 3299 3662
1524 5782 8468
2203 5861 6382
8961 2091 3997
9527 2767 8515
0321 2455 6162
0639 7240 0602
0821 2172 1452
1262 6236 3568
8794 3200 0056
7232 7538 3882
2865 8140 4207
1084 1333 3524
9328 0208 1330
4543 1450 7046
1042 5333 2314
0281 5960 9121
4124 4560 5480
8979 8519 3813
1600 3741 9598
3927 6717 9471
8242 0175 8652
8873 0821 6249
2384 4511 8314
8088 0473 5996
2861 0559 7074
1771 2279 3636
1672 0118 0845
7739 5506 3330
4591 5931 6249
0195 5839 2091
2504 4230 1035
7649 6486 8700
7410 8660 7594
0614 8394 0935
3831 5097 3813
9949 7939 9683
9894 3995 2824
9949 3831 6001
5839 2422 9958
1994 3054 1330
9416 0396 7615
7609 0104 7531
6966 1639 6998
8242 6717 4511
4291 0883 6505
7576 3880 7156
8232 6586 7726
3805 5358 3392
2384 7106 9695
4442 3085 2171
1739 1043 7615
7402 2203 8402
2015 4840 3927
6610 8757 1330
4543 0026 5742
3299 8824 2895
9033 3878 7476
1672 0598 9319
9252 9268 3378
7886 0728 6126
2748 3200 8170
7402 4134 0864
0763 8917 0229
4991 8402 3952
1813 8385 0794
2411 2735 1524
5995 8288 7538
6350 6287 3155
9084 4472 6691
5530 4102 7538
9079 1048 3479
6109 0751 1055
8533 3383 0079
4872 3378 0728
9987 3266 5753
0985 4829 8385
9969 4190 8524
8819 2352 8232
0617 7963 7054
2262 2953 5960
9134 9416 1603
7476 4395 1905
4447 8130 4102
2015 7232 6249
3805 6691 2413
5199 8276 7380
4724 0468 5753
6792 7939 2549
8061 8660 8418
5037 0124 0026
1084 9779 0321
4230 2185 0281
3555 2953 9348
5034 3517 0883
9697 6722 7046
6734 8791 6185
9885 6984 6792
7046 5444 8412
1943 0845 4874
1542 0883 2130
7302 7615 4291
0693 1330 5166
2953 1790 1462
1010 2730 7223
4380 9677 4364
3106 2038 9901
5425 2439 4991
0422 9133 4980
9129 3908 9033
9053 6361 3895
0053 1178 7910
4840 1580 0020
9553 5979 8807
6794 7106 3653
8385 2074 7652
0821 3685 6950
7601 2203 8625
0294 8761 8130
3765 6484 0396
9033 3368 9526
1589 9251 0769
9965 9796 2012
4375 4873 5894
6451 3997 5612
1710 6389 9023
7576 9042 8379
1922 3987 5358
4442 6893 4873
7828 8987 3241
8130 0012 2964
3052 9683 0751
6029 3194 5180
4829 1043 0685
7068 1592 3568
5621 6029 0967
7227 1710 2311
7569 7227 2422
2735 4432 0197
8519 0614 7604
8230 2316 2091
4942 2814 1048
6212 5066 6029
1943 2657 5640
9909 0763 6542
3337 4399 7118
0736 7601 3602
5979 9695 0022
9877 1524 0022
2358 1433 5421
3337 0229 7368
3149 0805 6436
1975 5314 6266
1413 1293 6651
7380 8106 4194
3823 6000 3337
7509 9452 8807
6990 5121 4126
6487 6287 1462
0118 8884 2551
6484 9598 6164
1148 3818 5839
5812 2504 4432
2272 5127 1398
0193 2542 2985
8944 3031 1660
9234 0187 4942
0473 6744 2130
1429 8090 8232
7910 9699 6339
3299 8877 4840
6350 9909 1259
7189 8834 3823
5996 9553 1483
1483 8652 5051
5128 2861 5444
4397 9259 5969
8519 9695 4527
2439 7241 5444
5672 8482 4061
4840 7576 0703
8831 5065 5931
4399 2439 5538
2551 4364 1024
9251 0003 3760
3517 9699 9791
8711 4106 1639
5811 5153 5906
0079 0440 2228
5021 1043 6950
9129 1672 3701
5180 9268 9268
4713 3398 5812
6794 1524 7601
8779 5177 6451
3368 4800 3213
9965 0004 2384
0266 2660 3882
8254 1032 2439
7209 3106 4511
1994 3452 8992
9526 0019 9423
3052 4543 9894
0468 6266 8140
5127 3531 7016
3524 5839 2644
2660 2091 3882
9452 1042 1600
0763 1660 0602
2425 8615 8276
2767 9671 0440
9867 1600 1857
1057 1875 1657
2335 8344 0703
8313 7911 0422
0446 2425 9625
2557 5261 2985
7046 8738 2203
6115 0751 3802
4527 3568 2311
0003 2314 8212
2814 8533 8738
8807 8173 4511
4237 9803 5199
9671 3997 9750
0056 6185 8254
1586 7601 9992
2411 6389 9416
0606 2557 1975
0365 3405 1057
9969 7093 9121
6722 3155 2861
1848 0193 9259
2865 4874 1010
8016 3927 1943
1323 9079 8615
7807 0048 7601
6051 8867 5860
4365 0406 0967
3813 7085 4349
9942 9867 2228
0046 3568 8524
8938 1505 0406
5128 9571 3705
5657 7380 0026
2078 9319 5761
5543 4527 5226
2557 7886 7937
9259 8394 1657
5097 8796 4669
9053 1660 4397
3155 8131 1085
3370 5660 5065
1982 5839 6361
6515 2384 8402
1968 4210 6317
3267 8633 9676
4230 8406 3030
5960 0175 0693
7232 8106 1360
2148 5177 1790
5839 2865 1669
1699 5538 0468
3405 5314 7368
5442 5709 7156
4126 7739 2605
7594 0769 6029
8406 3765 8524
9909 7302 2130
6324 5538 9095
8159 5532 1408
0908 7046 2078
2255 2551 5437
8128 8795 2824
1233 1589 4800
0024 0578 8515
0685 9263 6236
8140 3145 3713
5800 4210 6149
7693 1025 3652
8942 1699 8189
2657 8670 0321
9750 6287 7604
7538 1710 8140
0046 0845 6000
1524 2439 8242
0518 0198 2358
7241 7615 0598
1875 0022 6316
1680 7579 5226
5703 2720 8524
6966 1592 0774
3461 5480 9796
1922 5582 1567
9836 0776 2455
3337 2985 7629
5612 3705 5761
0640 7601 6926
2203 8406 3701
8379 4411 0294
9079 0967 4681
0703 2203 3090
9969 7048 2203
2316 2015 8652
2021 6212 8170
8586 2091 8586
7402 5421 2895
6594 3611 9134
5444 0782 7054
2997 6667 8385
3616 0821 0046
9319 8105 1589
2358 2997 0294
0193 8779 5187
6749 3720 4399
5582 0106 0004
1261 0422 4713
4432 8660 4194
0568 0602 4364
1524 9914 3241
3461 3452 0266
6685 7402 2720
1055 5127 9727
8041 1333 9023
0669 8884 9625
6200 0639 9369
3531 1821 8735
9108 3705 0518
7254 9079 2413
8779 1883 8170
6149 5021 3052
3878 6513 3506
9987 3765 9161
3292 2953 8877
6200 0935 9423
5839 2914 3880
0763 9850 0559
3965 4142 4207
6173 3445 1699
8406 9992 2015
3882 2076 6029
5128 3800 6734
4053 9987 7576
3524 0208 6377
8805 7208 5201
3085 5960 7604
6029 6128 7579
4395 0736 2964
5612 9799 1959
7368 4432 3360
7601 5021 3038
3921 7181 3608
6855 0089 8313
5211 2824 7232
7850 2861 8917
3054 3831 7910
0617 3760 3802
2171 2279 0763
2360 3461 6377
7306 5905 4162
9803 3450 1483
3995 7649 0003
8057 5211 3145
1043 5725 7212
6794 3636 7085
0617 2644 1333
0481 9667 9779
4205 2767 0056
9914 1669 0422
4443 2311 7557
8230 6962 7642
3405 7302 6029
3267 9667 1483
4205 3292 9023
9431 0769 3062
8861 8913 4411
5407 2974 4713
5960 5314 4978
3608 8524 3392
7569 8794 8660
0396 1317 2865
6236 0187 9949
4102 3690 5761
9791 2091 9108
6432 4840 2264
1259 2228 5358
5333 6962 7074
8061 7118 3398
3020 2953 4134
1587 4213 5021
9084 9212 7168
8406 9084 5837
2824 2384 1114
3358 6111 8738
9300 4685 5442
8106 5166 2593
0468 4562 0821
6212 0685 7402
2446 1831 6548
8670 2953 1974
0568 1625 5731
7048 8992 7046
0187 5880 5127
0416 3755 0614
2171 0672 2038
5773 9079 8131
3611 8884 4029
2279 1922 4103
9541 4432 7322
6324 0568 8071
9942 2390 4873
4865 8615 8700
4405 1813 4591
9129 1241 2605
6110 5065 8942
8711 8519 4840
6513 1025 9034
2895 0782 2767
0197 1398 7726
6436 5123 1293
8061 0617 4840
3387 0266 8917
4199 9909 3038
7402 5322 7074
0774 3378 7402
9440 4442 2752
9053 9965 3568
3846 8615 5121
2384 8264 4829
2817 1317 7609
3337 7106 1922
2091 3299 1680
1710 8578 3755
2015 0928 8615
5638 2953 7402
7787 4377 0048
3358 6196 9121
8794 8444 3337
1360 2335 5116
7254 0377 0568
3085 9992 1597
7046 4978 7241
9791 5595 0106
9526 2814 3652
9365 6149 6126
0598 1398 4829
6962 4681 5477
1875 9379 8088
9500 3590 5725
0235 8575 4514
2810 2824 3266
3555 5333 0004
1353 4511 6950
0988 5837 5051
3568 3354 9867
0048 0473 4103
2327 2040 3568
9212 9002 7074
6451 4713 3611
7910 5731 6377
2078 4210 9079
1669 7576 9965
6685 0614 5931
2657 7609 8382
6212 8130 8394
3450 2120 0928
4736 5421 2248
3765 7306 2255
5035 5773 3997
7533 2023 5495
6317 6436 9695
0118 0845 7579
4291 2093 5021
0124 7139 9259
5773 3590 3517
1863 0197 3378
6361 2148 3568
8230 9144 3030
1875 6484 9053
0294 6451 2335
7380 1567 1043
3636 3831 3461
4499 6484 2352
3020 8819 5021
3636 6505 4187
5437 4194 8791
3741 5722 1592
3479 4029 2456
9270 2311 0079
5355 3274 8743
5812 0883 3370
0604 9965 5739
1586 8976 6380
9894 5812 9084
1196 7910 0069
5710 2021 3720
7939 2093 3461
9676 5226 6966
9053 9079 2644
0294 4229 0578
3918 4731 0313
7684 9796 8482
4364 2816 3831
8711 5035 0985
0782 5632 2644
0774 3568 5477
7188 2865 1085
9135 2023 3662
2997 5912 9097
0672 8320 5187
7538 5543 8615
8615 4102 1360
9251 1957 8289
0935 2814 7696
7054 1587 0883
2767 4443 3299
4021 2456 6020
0365 8314 1483
8866 3823 1735
5115 7531 8877
7609 7227 8406
4142 5812 6984
1821 7994 6001
6484 1851 3662
8402 8131 3217
4800 7302 0281
7690 5869 3038
0422 7647 3608
8944 0751 1672
3274 5200 1330
5358 9992 0967
3555 5538 9084
3918 2964 3555
9300 7524 0440
3145 1032 7828
6626 6486 3241
6810 7939 4375
8382 3461 4985
5035 5437 5800
2680 7649 9161
0776 6881 8140
7879 1413 0365
1233 2720 3378
3790 0703 5127
3878 8140 7212
5657 9015 3398
7016 5931 3155
1114 8289 7402
3387 5923 0782
3506 2010 1813
4408 6185 4061
6792 3771 0751
5837 8795 4364
9779 7863 6990
3833 3401 3690
7576 9431 6212
6744 2377 5226
9369 5739 7139
4855 0187 4399
5906 0736 7652
8942 0197 0967
3149 2817 8315
0346 3401 3662
0751 9464 3831
1592 4318 8310
8652 5621 2985
8660 7511 7576
0578 1600 4855
7410 4768 2439
4229 5742 5115
7118 3685 3599
6339 0377 8465
2439 3241 1542
1735 4194 2316
3330 2861 2179
9589 6794 9695
4874 1341 7302
7302 2425 9774
6452 4230 2411
8578 9850 9796
6610 7642 4570
6377 4713 9526
6249 0606 7074
7807 3266 6962
9625 3031 3700
0606 9942 5193
9589 2074 0048
5839 9958 2964
7434 6324 3450
4499 6185 4364
8534 3445 0003
7402 4713 7594
0110 9023 9796
3461 0794 8615
6317 8072 9095
0022 2817 8465
5672 0224 2814
3685 6626 4432
2767 3908 0614
1333 8452 8738
6962 3145 4934
0908 4411 8877
8805 5839 7886
2865 4067 4194
2758 0864 2311
5782 7629 2093
6185 5322 6903
3378 3378 4194
7693 0598 2203
3599 1660 3636
5595 1341 3414
2078 0776 2997
0250 4179 6036
9167 5773 1559
9803 5798 9909
8385 5979 9500
8276 1922 1333
5444 1330 9369
7629 9097 9310
0794 5612 9500
5537 2021 2810
4210 8652 1233
3908 6361 1317
8230 1353 9667
3608 5153 4991
8861 2964 8658
0175 0259 3856
8394 7227 1968
9796 6162 3055
5127 0198 5201
5199 5966 9629
2456 2814 3461
7118 3568 4179
3590 8230 5839
0751 1657 9803
1261 7016 3636
8779 2076 9134
7422 8779 8288
8519 1657 6237
7869 4061 9526
3720 8987 7557
3155 4364 3405
1172 3790 8289
9079 1589 6164
2091 3760 3241
5081 4364 7181
4472 0422 3662
5731 4511 1043
4812 6029 0048
7302 9647 9598
8264 6149 3292
4511 0559 9926
0377 3531 1330
8819 5021 4447
5308 5012 2316
2552 4873 9002
4511 8170 7557
3200 1450 6036
4142 3608 0019
2680 8917 1699
6876 9300 5193
1261 4432 3800
5839 2010 0928
3267 5812 2078
7869 5837 3652
4399 7850 8382
5839 4511 3401
3415 3217 0656
7787 0294 3800
8170 5812 0679
3705 6722 3662
3981 8942 5923
1433 2179 7074
1883 7139 6513
8913 6513 9867
2455 8497 3813
6543 7726 1148
0024 2425 5621
9526 7509 3720
7181 1462 7446
7062 5923 9965
5839 7937 3608
1922 6990 5885
3370 6667 0106
2655 4591 3228
0578 1032 0026
0908 9877 8406
7939 9885 0703
6237 8834 3292
9867 7642 2985
1603 8379 4236
2040 5378 2377
8660 9121 0640
9464 3952 8977
7601 3997 0928
4323 0187 8711
8738 8615 7446
6707 5121 6200
4829 2148 2255
2091 9079 5081
8917 6691 4194
6377 8716 0639
9526 1603 9121
0967 8402 6185
2455 0175 9850
9667 9500 5725
1323 2255 2895
6066 2130 6562
9850 1672 7182
4768 9023 6950
6361 4405 1055
9992 4442 5612
2767 3405 4021
2228 8438 8586
1360 4364 4375
5177 6185 1042
1114 5885 9268
8831 0845 8819
3568 5261 0967
4713 2446 5640
8170 7074 8670
4511 8519 4331
2895 3398 0492
1178 2413 3414
1487 4713 0346
8938 2311 6717
1450 8441 1975
9369 3506 0802
7022 8189 4142
5322 0079 1323
2413 7576 4669
8232 0928 8057
7690 0685 0617
1592 3155 4236
8310 3054 8242
5638 3813 3461
4685 9299 6149
1657 2895 5742
4874 4669 3299
2554 2552 9268
4042 3965 0019
3213 1699 2964
7524 1922 2723
7963 5037 1330
5035 3685 3705
0751 0988 6986
5437 2554 9644
7074 2874 7046
8615 5012 2557
9167 1564 7068
7787 6876 1178
1580 6892 2341
9803 9034 3241
1462 9803 1330
3452 4207 3831
0046 3611 5177
0365 2683 7048
2455 1010 3155
1739 6927 3217
8533 3360 5193
3800 5725 2316
1330 1710 1863
3241 6389 3267
4291 1739 3052
0467 5966 1672
1592 1459 8913
8761 1851 0198
8173 3790 6001
1841 7910 5116
4669 3760 4195
1057 0146 6036
4746 1597 9486
2720 6451 3720
8861 1982 7048
4377 6962 4442
1450 6986 9965
3479 2506 2871
1055 6626 7380
9348 2504 4840
2605 1975 6667
9909 5127 3741
3568 5226 6377
1851 5731 3630
5376 5885 5084
2422 2511 9695
7410 6749 6505
7022 3908 8738
1674 3662 2824
3831 0883 7085
1324 6236 1505
7726 0864 1841
6962 4397 8515
3927 4187 7232
3217 7726 3895
5753 4395 6109
2091 5966 6164
8402 2985 7016
5153 6451 6962
0079 8519 2390
7054 7538 9779
9084 5837 9909
6212 1982 5530
4443 3106 3337
8861 9526 9629
4391 3461 2120
8578 9611 3524
9946 1323 6513
7576 8402 6487
3555 3608 6432
8313 5582 0313
1975 3266 7249
0022 9727 4106
0346 6109 5852
4205 3831 2868
3031 2871 5869
9625 2895 8159
2644 3030 7354
3927 1644 7212
4432 7106 1558
0794 8807 2586
4872 9079 7188
4681 4126 7647
5444 5530 1848
3368 4142 9885
1148 3055 7963
4042 5084 7118
8738 3292 9779
5199 8660 9965
5582 4511 9868
9611 5203 8807
7241 0988 9683
1178 7787 7434
9867 0864 5737
8761 2549 1646
0302 9969 2644
0782 4746 3563
2551 6164 2148
1672 9135 9023
7240 0821 3358
0703 4800 0281
0617 3908 4207
5057 6451 5115
9867 1545 9942
0617 5084 6651
0845 5612 0331
3234 1943 5722
2012 2187 8465
2203 5442 7168
2078 9779 7022
4768 2341 5860
9965 9133 7609
5442 0197 1957
2801 5437 9887
0883 2413 0110
9018 1413 6361
3965 7576 9500
8041 2059 4291
8159 3054 1646
5123 5725 1214
8805 2824 0883
6515 2038 7368
1323 9328 0004
3987 2953 5582
9379 1922 4210
5355 3760 0928
6162 9942 1600
2335 7232 5444
9867 1968 3299
5530 0693 0776
9992 2660 6855
5543 4829 3846
4442 3414 8232
0235 4102 2390
8041 2327 4511
1333 2422 7524
9543 2456 2384
8385 6892 3145
6001 8072 2801
5057 5127 9120
6792 5186 9369
9205 8276 0473
2801 5021 3636
6207 3241 9369
3568 4865 8497
5742 2187 5595
4591 2314 5773
6149 5226 2735
0672 8794 5543
0229 1771 0988
6111 8315 7731
7306 8314 0617
0266 2557 6485
7615 0672 6962
9144 0468 0736
2554 1863 3880
2504 1674 3292
2327 8533 3818
8831 0346 3608
8468 1341 2554
5200 1592 1178
1114 5671 2248
7696 3054 3895
6001 2255 3234
5906 1625 4740
2524 3590 2091
6744 7869 0916
2187 8465 9002
9527 8622 9259
8944 8133 1922
0003 8276 6149
5226 3630 3506
1657 6287 4102
5187 4934 9774
6382 7807 9079
7322 2015 2413
2228 3880 5640
4042 5710 9221
3700 9018 8289
2767 5906 0124
7807 7863 0782
3880 4511 8615
0046 3461 5640
4375 2425 0751
9486 2895 7601
6513 0193 5671
5226 7939 1085
7118 2964 3805
7306 9023 4205
2377 2411 5819
2264 0224 3378
9697 1848 6249
6324 3805 0302
2814 4207 8987
3452 0401 7232
7118 0967 3895
2985 4207 9909
7601 5710 0559
8394 1462 0003
8412 6001 9911
0026 2605 7208
7072 5621 9133
5906 1349 5839
3760 5186 4942
7422 9323 3882
5200 3568 2413
3229 3200 6237
9695 2255 0449
1262 4985 9323
4562 6749 5211
1043 7322 6892
5737 7093 9251
7368 1857 0313
9463 0195 5378
0827 0110 5905
8315 5062 4829
7869 3555 8738
8170 7038 3981
2171 7208 0751
5037 8465 6000
3234 2748 2504
4021 8379 8230
1975 7118 9259
1413 6389 7739
4391 7009 8109
3461 3241 2730
4543 9727 3797
5021 7731 3031
1660 1360 8743
5858 9803 3599
0669 0928 2549
5728 0703 2554
1483 1592 4980
2446 3374 0467
6928 6318 8873
3213 0774 3155
2865 7046 0821
8866 0820 3398
2360 6324 1042
0468 0069 2953
7579 6505 5621
5837 0845 3856
8465 0617 0175
2130 5421 3517
6651 1639 9987
1048 3155 8289
8119 4713 7062
0776 9323 2985
9348 6998 3392
5812 2203 2974
2187 8159 0396
9526 2784 1360
8586 9300 0769
4724 2868 2895
5322 0187 6998
0771 1429 3267
2865 7604 7615
5035 8819 0467
0693 8757 0703
7579 1390 7879
8884 1968 7834
5638 2997 4142
5065 8465 6249
7579 4442 9768
0259 8625 2504
9440 4380 4685
7046 3354 6485
0449 0703 1462
9348 3818 5537
3450 9589 6350
7939 2974 3267
5322 1341 9803
3951 4053 2767
8344 7074 9867
9097 9440 7531
5355 1943 6380
5480 0468 3611
0864 7476 5621
9699 4408 7910
8108 7601 5742
4397 8944 2801
2816 0124 0845
3524 8819 6436
7642 0928 4380
0193 2171 6903
8795 0555 7879
8524 8379 3846
0763 4514 1680
1398 4432 7077
6051 2203 5097
1010 0193 0776
8633 4199 0198
2953 9677 5517
0079 0776 7402
3608 3085 3760
9541 3987 8170
2378 0266 5923
7787 9023 9803
9768 4713 7609
9205 6389 8987
5537 7077 6707
8586 5115 6350
8159 9909 3662
7693 1330 7118
9023 9541 0048
4061 3981 7306
1592 2093 1505
3052 6950 2264
7189 4873 5858
6794 3217 6950
2279 8917 6893
8465 8379 6170
0331 7422 3630
0468 9667 6066
0205 8173 4724
0399 0693 9072
5996 6029 6505
8660 1323 5753
6437 8866 3818
2071 5228 8738
6548 4874 6691
8877 5996 7524
6513 6361 1032
3987 0097 7939
7609 5582 6212
5333 1483 0602
5621 4874 2021
3188 2953 1214
9946 4511 4365
1259 6794 8807
5931 2593 4840
5477 8072 9002
7511 1450 3378
8711 1398 5177
7562 3831 1710
3414 7046 3531
2895 8232 9486
5174 8276 8016
8917 2091 8071
6484 7642 2279
0294 9867 1148
9699 6990 1587
8519 0780 7642
0802 1293 3194
9526 2723 3700
4061 5812 9803
8402 7181 1592
9310 9348 9885
7533 6749 1975
4591 5861 6000
7886 3765 8658
3145 9369 3337
1390 8170 7181
5177 5960 0802
7647 7642 7524
2262 4021 5065
3450 4562 4840
1043 5773 1669
6382 6451 1035
7227 1905 5660
3568 9097 2171
1214 6455 6486
5773 1032 0763
0481 1487 5923
7254 0559 0399
5506 2010 8794
8866 9300 7576
1943 5437 5861
1831 0559 0012
6794 0672 0967
7609 9328 0821
2657 8711 4397
5200 8106 0208
1450 9010 2120
0967 3106 5477
5477 6317 8944
6377 2248 3378
3398 8866 6484
8831 4053 1025
9942 5530 0079
9796 3908 0118
0916 5543 3880
9958 3228 9134
0406 8877 9677
6237 3818 3755
8394 4685 8230
7410 0639 2552
8452 1968 9909
3337 7939 6562
6651 0422 2506
7609 3790 8320
2279 1586 5753
2683 3918 0468
5378 6343 4511
4942 2524 0022
5177 4731 2352
1330 2358 9909
3921 4411 2723
3038 7963 0928
5442 4713 2586
4067 8625 4829
3882 0763 5728
5839 8795 7615
5444 3414 5369
6484 7016 8622
4053 2572 1483
0771 8533 3292
5177 7188 0693
2411 6342 8779
7208 1114 9053
5186 5322 6111
1353 8861 6562
4443 3030 4514
7322 5839 0281
2377 4873 0679
6928 7739 4812
5737 1559 9987
0821 7500 9154
9167 3705 3274
6594 4399 6029
2171 0446 4169
4179 3630 0110
3929 2657 1293
3358 8427 9161
2961 9379 3995
6196 6452 8660
8276 7402 9018
4349 9667 8406
9803 2425 5538
2895 6548 6455
0193 3555 5537
7994 3374 9750
9053 5595 9779
7787 6876 6893
9779 2985 5200
0468 1148 5906
0614 4527 7380
9526 1975 7096
5869 0104 0492
9471 0771 3765
0089 2723 2384
8796 2148 7629
3616 1293 8230
0916 1841 2203
2504 4229 1450
2021 3802 8385
3401 9095 0640
0024 7726 1600
3213 8482 3568
0422 1904 5906
6066 0518 1114
0703 9926 7096
8834 0606 3370
8834 4199 1875
9161 0321 2987
0048 3228 5742
1922 4291 7557
8412 4207 1330
0820 3106 2335
7994 7963 5322
4126 3951 3805
2015 6749 0097
5177 7223 7696
2974 8313 7524
7226 6350 1904
4194 3415 5722
3823 3450 9212
1875 0821 9992
1043 7380 8831
0026 8738 0769
8615 0908 1857
3241 5753 2021
8819 1657 6212
2378 3392 8866
1943 5121 5444
9867 2314 1657
1603 0022 0763
5065 8444 8254
8406 4106 3267
7615 7302 5966
5819 3274 8344
8394 7143 5906
4061 8791 5819
9121 5128 3630
9803 0602 7121
8807 5369 1069
9120 4411 5996
3636 9471 3818
1542 5226 5358
5703 6515 8289
1957 0097 3208
3217 4194 4229
7731 2377 5725
7690 9885 7731
1085 7168 7696
1462 2425 8743
2446 7118 5062
8615 9268 0606
8716 6513 3563
4872 2390 6149
3927 3713 3267
3662 4195 1398
2870 0079 4377
2524 3368 6998
5543 4097 0110
9553 6207 9695
2040 2865 3797
6377 1262 6111
2865 8088 3790
9268 8795 5782
1975 9667 7380
1680 0751 6361
4713 1114 0763
2895 3568 7124
0302 1360 2824
5121 5996 3200
9894 5421 5200
7482 1943 9791
9053 5116 9234
9647 9129 0928
3378 9695 6744
7863 1341 8757
8660 0988 3155
8917 4840 3213
5021 4169 3479
5839 3813 9154
5517 0473 0468
3194 8379 5739
7601 9901 9023
1055 8519 5177
9699 0110 0149
8212 4511 2801
6001 6688 8438
8633 8406 9129
1957 0578 4685
5021 3292 2010
9010 0492 6582
8189 2868 2554
4746 8735 6212
7046 5199 1580
9500 8819 8394
4126 9965 7609
8385 3517 9667
9699 9965 9791
0821 0024 0693
0446 0399 1330
0776 5839 8834
2552 4442 3760
1994 9867 2895
9018 8807 8061
1589 9598 1841
0820 1710 9811
3895 5128 5672
9867 0805 5480
7642 0026 6688
1330 6029 0104
8016 3052 3479
2439 6111 5969
2314 0346 7208
9611 2425 0774
3090 4067 7009
2964 9369 3461
9901 6693 0728
0046 3172 1057
5640 5739 3452
3997 4942 9205
9471 5174 8232
5127 8795 3997
5358 9526 4873
9553 0193 8738
8497 8289 8379
8465 3882 7696
8071 0401 6586
7232 4194 0422
9868 4499 8633
2784 6126 5228
8133 1582 6342
1032 7402 2059
5657 9369 6317
8482 1857 8313
5728 4685 9379
6173 6893 1904
3823 8232 8394
7046 9053 2120
8615 9611 6207
0250 4097 6542
3299 5995 1262
2456 8615 0468
2378 7227 2504
4942 3450 0821
2264 9803 7649
1680 7249 4713
2551 3880 6966
7594 9053 8385
4377 7118 2093
6505 3965 1433
7270 2814 5671
3194 4067 5837
4669 3997 7787
9440 3055 5996
7828 2413 0827
2279 5798 8289
2358 5753 1524
8866 8873 3700
8615 4021 7524
4570 6455 7629
9625 7910 5906
0751 8406 8105
0604 4411 7270
5885 9942 3952
8524 0771 9909
5657 2172 6318
2422 7739 5782
7482 4029 4713
8315 4543 4210
4724 2660 7807
6342 4053 2557
9154 2868 9677
7910 7322 8533
6542 1261 2335
4194 9727 3129
6562 8385 3568
0467 1875 4237
3765 3608 6651
2093 0693 5995
8441 5187 6164
7267 6111 4746
9072 5839 3054
2586 2023 2549
9813 9625 0208
2078 6693 5812
4102 4669 9023
2203 0026 6436
2824 0294 5193
9161 0988 1660
5839 4829 5782
0614 3106 0294
5051 7046 8232
2964 5640 7739
8140 0774 5193
8382 9625 7601
7074 2120 8652
6808 2091 4187
9677 4991 5226
0728 5177 5638
0967 7046 3330
5425 2203 2422
3833 4395 3563
9348 8465 7254
1317 5923 2657
9097 5444 9803
4134 5530 6361
0763 7232 0820
0883 2446 0193
5180 8992 6794
4800 0794 7910
1483 9348 9259
4380 4179 0685
3818 3241 8109
3831 3662 0518
4685 5057 8807
2279 5180 4323
5121 4669 3685
0883 9909 7576
2557 2203 9909
9695 6927 7939
5658 7939 6066
7223 5034 1085
1196 6513 0056
5632 6855 3055
5477 2554 6808
0193 0820 6051
7212 4442 7509
8189 2076 7434
2203 4669 9369
8108 6562 4126
1452 7642 0928
4213 9942 8533
4230 8524 5358
4978 2255 4199
1974 0820 3398
3234 7118 7368
3802 3292 7232
4380 2861 7446
4840 8819 2817
6342 1558 1349
3052 5969 6111
2171 9611 5812
4053 2871 4543
9053 6808 6324
5996 3691 7609
2730 3461 0004
5333 0321 0617
0110 9697 5530
1341 3337 7911
6542 8977 2767
3106 8944 4840
4843 2644 0736
8315 2130 8819
5969 1043 3705
6339 3414 7579
9803 1848 3030
7642 9543 3038
3370 9079 2554
4377 9259 0106
3700 1262 3292
3405 8314 0776
6249 2203 4442
9033 0617 4097
3760 1831 2012
3685 8524 5193
6249 4169 4840
2176 3267 8977
2814 5931 0046
0365 2341 6149
5538 7227 3700
7046 9252 2264
8534 7046 7886
9328 9867 6926
0845 3662 2657
9033 7118 0377
1483 3398 3715
1043 3055 0559
8385 5931 2206
8418 3652 3616
0685 0026 1922
5537 9464 2478
2644 8987 0845
2953 3054 3568
6342 0821 0669
1042 3927 2378
7074 0602 7939
2735 7254 2895
0821 5996 7533
7642 3802 0614
0693 5861 8232
5905 3831 6318
5035 8041 9667
5035 1959 5819
9023 5425 7168
7434 4511 0780
2784 0736 3713
3555 0440 7557
2735 3568 1085
4713 7118 8575
1587 5912 1567
3213 2554 8254
3479 4872 6249
4800 7939 9894
1769 2953 7434
1462 7368 2953
5582 7181 3878
3790 9259 3797
1639 1317 3330
4978 6950 4724
6066 5097 0703
5021 2148 9965
0003 1024 2865
0656 2524 5421
6324 7065 3880
8159 0883 9676
3818 2038 9002
1172 1408 3208
4499 3217 8873
8313 8315 5477
5444 1323 3653
1452 8140 3479
6207 7046 3833
6115 6485 3337
3882 3653 2314
8310 6149 4061
9079 0614 0703
0736 8276 1483
5798 2557 3337
2091 6950 1600
4560 6505 4543
4511 7168 7143
8738 6212 1781
8314 6287 8105
3461 0669 0208
1398 1233 3895
3691 4194 9097
8795 7604 7538
0224 2680 0079
6361 8534 2023
8660 6505 0089
7085 7189 9850
6794 8468 9002
7085 6361 8313
2723 8379 7016
3506 1821 0313
5996 7156 0578
9949 8779 9423
9268 1341 1957
2554 6562 9676
5062 8866 3274
8913 0149 9625
1085 2511 5407
8406 3951 1024
1487 7576 8468
2748 3020 1259
2203 2895 1657
6513 1032 5066
8976 6436 6185
3555 9263 3813
8382 9348 2557
9836 7609 6377
6487 4397 3882
9695 0614 7604
5753 3054 8819
2422 5979 2784
6342 4411 1739
5097 8109 1592
3274 5996 6693
9299 3461 0639
0672 1524 2384
7254 0606 0056
9768 0568 6029
