985846 9030
496
279
390
160
225
377
538
874
961
538
36
859
568
772
267
133
290
699
523
419
943
144
134
802
352
458
160
964
542
394
711
525
497
397
651
867
483
470
649
902
552
257
511
543
519
546
209
514
306
331
334
502
966
172
637
669
54
660
252
434
442
314
456
901
825
533
854
457
710
842
85
726
920
775
458
569
672
262
970
386
449
617
659
592
394
278
719
583
331
903
581
62
456
783
501
652
642
877
311
238
94
989
859
213
922
118
881
749
896
526
964
960
904
547
225
571
787
756
570
321
462
753
380
772
550
801
934
573
30
780
698
863
457
677
817
468
582
202
180
827
898
899
429
756
941
552
454
129
151
289
165
683
643
412
664
906
726
834
373
463
43
904
683
704
58
414
641
969
736
830
329
159
357
358
952
818
489
355
818
679
956
895
498
723
801
643
276
203
273
452
558
90
866
47
267
470
872
304
929
907
658
404
574
819
716
927
360
989
433
713
415
497
983
900
430
777
442
314
454
164
330
128
147
812
361
329
274
37
225
696
694
571
345
131
339
812
948
182
274
464
343
927
905
611
181
721
644
210
598
788
770
489
870
178
549
255
111
43
765
460
783
108
112
894
207
895
71
545
321
695
413
896
727
826
571
598
882
687
757
115
222
799
298
497
717
920
507
670
450
294
986
462
458
316
410
149
446
89
358
172
500
411
116
57
37
583
662
31
286
451
783
958
470
251
214
221
329
811
82
234
753
607
474
464
136
228
931
759
278
451
789
535
65
89
935
558
448
829
850
285
257
52
457
230
56
456
280
404
344
899
464
694
902
755
244
626
812
276
916
142
940
339
104
202
470
446
455
741
437
201
546
516
887
628
94
817
284
496
989
225
719
808
923
628
504
886
740
313
462
557
966
801
475
809
373
299
866
81
815
524
985
735
243
585
586
404
655
578
617
931
668
101
163
700
761
304
594
436
765
565
719
618
645
633
665
486
883
861
187
462
804
92
604
925
305
736
55
467
799
430
902
367
313
228
73
846
583
276
820
581
666
368
777
694
250
789
760
609
42
698
977
97
277
674
378
633
581
922
85
525
973
697
710
752
163
318
388
369
347
165
536
277
710
97
976
925
94
462
814
702
478
875
947
732
870
510
326
710
118
468
780
859
660
547
257
309
805
313
55
323
967
367
958
611
367
272
691
216
399
36
980
717
686
387
78
361
310
223
601
880
544
608
309
544
523
747
766
776
719
588
463
720
856
811
837
354
516
76
330
314
359
975
829
431
580
814
185
184
85
717
497
586
864
436
503
156
376
221
648
543
379
681
457
957
631
604
298
233
42
138
700
721
803
948
380
409
915
691
608
992
871
33
649
682
546
689
672
433
697
217
386
939
221
572
617
639
908
33
313
246
645
210
562
40
120
696
616
510
664
980
88
439
871
924
697
121
186
786
329
477
135
912
368
588
351
911
735
622
81
501
317
388
941
422
849
500
839
831
776
627
915
738
551
76
517
230
767
333
33
68
124
882
699
819
875
75
424
658
162
879
601
44
452
461
114
331
867
201
148
885
258
933
219
218
842
699
851
845
467
207
676
179
488
766
285
271
884
524
776
827
418
788
56
234
438
561
985
188
821
538
913
977
97
443
459
174
263
824
532
231
543
31
573
360
620
75
954
668
993
77
190
908
236
627
761
404
736
792
728
393
502
181
296
119
71
459
936
938
165
832
984
54
568
790
125
775
334
327
53
676
413
487
870
402
680
827
914
973
414
679
317
888
66
830
185
965
661
474
57
825
766
995
750
822
537
435
742
454
432
627
373
500
686
405
881
194
449
508
802
646
285
897
161
201
301
647
626
440
115
851
927
682
953
223
218
691
207
974
888
164
961
832
412
443
461
180
858
501
514
578
497
689
57
918
482
911
755
426
633
532
140
204
780
161
992
477
162
998
659
945
63
734
731
352
199
923
881
487
535
35
942
1000
969
121
865
607
449
775
942
956
181
183
762
324
553
301
681
175
367
888
373
599
622
816
299
944
454
912
144
814
480
628
498
144
923
743
314
740
501
92
338
446
280
346
879
354
856
813
433
822
840
360
348
369
481
49
236
743
587
690
821
448
505
930
139
540
187
448
205
762
200
324
223
478
582
937
658
283
400
545
631
31
524
285
543
169
641
620
619
481
137
210
486
445
794
665
54
634
760
782
92
586
596
544
980
265
249
435
55
441
409
421
721
500
748
903
329
826
121
128
727
362
461
561
34
69
592
158
124
697
468
130
751
370
612
986
834
420
530
48
428
397
993
501
542
976
244
32
781
63
888
721
311
433
70
785
84
321
584
626
223
301
164
971
434
206
935
792
385
1000
216
693
597
315
166
159
947
160
787
508
198
598
898
558
697
986
759
907
635
194
331
691
104
463
715
861
657
721
452
675
128
534
743
533
269
306
770
699
409
624
309
560
854
153
337
280
623
857
213
854
185
549
571
70
651
980
461
936
890
185
872
93
322
791
315
835
42
216
149
332
203
418
661
295
706
240
686
433
647
618
933
533
861
393
904
596
296
850
388
700
514
148
304
343
805
463
732
785
771
803
590
594
938
936
105
125
90
619
980
45
629
49
810
416
407
218
689
897
84
195
244
690
958
251
405
566
239
845
847
486
51
401
461
614
792
364
317
539
167
731
998
497
233
279
139
210
53
868
821
905
938
509
67
756
997
995
572
483
131
329
327
177
435
465
221
52
144
306
926
166
473
874
655
66
486
754
623
178
894
419
336
675
616
887
633
863
539
480
344
732
297
665
543
766
392
79
854
78
354
503
420
328
711
649
954
551
111
360
791
184
127
565
587
199
95
64
120
264
709
66
643
818
979
449
805
208
396
347
160
411
180
30
265
968
848
464
221
924
197
948
106
217
174
632
718
854
78
409
343
499
83
54
665
641
517
197
694
370
953
469
595
870
846
929
533
603
581
462
459
726
56
787
436
969
678
30
564
645
815
74
788
512
872
289
675
908
472
782
942
790
730
778
93
588
438
285
576
216
515
199
199
374
815
459
888
421
194
936
465
642
803
982
531
306
927
967
141
621
175
116
309
947
854
854
97
69
157
769
856
82
305
996
58
311
882
899
940
458
381
818
69
368
663
574
621
760
950
98
801
659
899
990
353
426
298
624
855
660
379
708
926
423
866
578
564
860
220
161
646
421
460
322
851
232
433
436
207
295
610
136
187
691
425
240
923
979
707
878
272
884
294
658
370
722
307
480
815
809
690
850
970
730
147
626
444
238
924
564
587
977
61
704
799
903
376
851
721
756
536
50
695
316
914
836
856
145
892
296
834
216
489
954
524
965
252
845
647
940
824
177
288
519
708
780
87
533
983
307
129
250
177
746
535
222
79
39
747
695
305
790
717
489
744
810
712
715
172
843
679
510
175
985
301
322
286
100
219
972
389
980
586
117
663
607
636
821
208
986
337
476
736
710
793
83
153
293
334
95
114
93
445
231
203
435
341
564
667
375
589
232
154
998
299
715
221
845
256
306
323
51
516
87
399
481
198
174
975
526
640
874
410
818
981
303
691
721
423
799
454
695
394
725
745
501
462
897
975
218
250
254
735
321
804
759
310
309
851
464
659
547
361
897
807
525
130
208
760
666
56
452
114
373
798
574
874
784
794
602
743
929
591
746
303
194
655
326
837
543
901
791
102
383
807
601
524
526
666
253
665
643
614
220
234
428
631
894
174
958
857
236
809
878
540
232
904
639
940
114
496
383
146
838
519
897
368
884
349
163
709
849
897
978
894
593
120
281
627
740
962
228
914
597
784
864
646
650
866
39
556
204
265
926
652
344
298
650
750
365
269
216
67
988
396
471
219
657
536
935
289
302
921
249
982
341
258
898
515
706
620
747
363
330
252
434
513
418
128
203
374
571
903
371
648
698
306
574
63
714
34
579
614
828
948
984
967
181
473
804
818
364
448
936
118
900
969
398
435
198
136
976
152
770
601
199
910
999
481
395
539
363
563
163
83
652
541
795
727
486
562
816
767
321
956
513
44
871
905
1000
237
217
415
895
317
188
609
671
305
172
872
473
496
174
862
332
644
476
611
310
186
699
76
706
713
207
768
769
675
441
608
549
149
944
694
250
516
259
842
936
373
316
128
880
241
299
266
574
845
592
555
428
772
255
115
941
407
576
899
926
425
574
669
210
194
932
275
929
401
771
570
810
190
261
446
772
996
190
254
125
779
194
102
880
168
435
153
468
42
497
878
460
736
699
155
566
459
277
90
171
326
720
113
605
539
843
680
95
231
520
321
336
816
446
250
672
775
485
615
666
793
558
724
349
692
895
568
961
904
51
193
463
576
496
900
766
543
613
365
85
823
542
353
663
59
342
435
723
70
373
41
482
940
376
926
919
580
890
213
503
182
153
650
188
862
843
295
934
761
775
483
453
665
961
774
941
571
76
283
204
469
489
252
588
844
687
264
548
829
599
124
347
670
32
996
850
958
474
412
839
37
429
144
927
364
329
884
131
315
519
414
971
981
200
482
915
200
416
260
648
272
736
913
140
776
872
378
944
443
701
405
56
929
178
678
76
999
661
820
820
45
272
76
783
895
758
126
935
722
161
675
227
447
951
912
989
317
269
291
485
720
300
454
127
277
921
592
766
469
33
526
398
295
229
611
866
337
803
744
557
661
831
90
41
134
331
784
408
822
371
863
801
48
409
436
357
601
757
591
308
688
934
826
188
292
302
932
421
889
195
842
72
281
948
898
657
153
372
732
120
647
334
769
75
785
425
642
224
998
592
429
724
284
954
547
200
293
853
560
596
553
211
974
291
589
74
162
313
355
984
222
599
992
748
416
322
718
401
581
890
181
917
504
258
880
335
342
823
742
791
579
941
413
926
960
594
918
668
535
977
894
760
81
472
240
963
789
382
614
329
673
299
596
654
82
352
904
783
710
226
516
511
803
437
131
394
508
312
62
996
137
130
993
413
207
506
370
610
590
518
893
186
436
949
160
496
108
244
236
584
418
80
943
866
395
169
996
188
231
591
598
915
425
299
415
268
292
654
378
112
590
508
655
842
958
813
208
978
766
993
628
334
611
143
647
78
580
309
838
361
778
372
807
280
98
982
252
182
483
951
925
818
516
470
218
55
922
721
901
418
692
338
228
829
408
449
427
156
806
988
993
485
649
548
732
899
141
796
910
842
166
854
867
992
729
855
889
75
893
699
74
757
866
308
344
814
360
402
223
377
64
215
33
767
748
165
63
837
674
518
834
810
477
145
407
344
439
748
387
498
691
522
64
509
277
786
468
815
849
758
603
277
34
621
262
798
966
878
387
758
388
744
89
154
882
834
540
806
380
789
74
585
465
846
183
691
353
163
147
875
50
332
110
538
940
332
484
871
669
332
118
597
164
496
557
540
735
837
944
303
243
597
262
706
913
755
781
468
501
724
713
840
688
450
663
1000
633
648
274
873
684
69
460
256
281
384
256
605
913
147
498
75
633
579
156
505
856
769
899
560
530
832
469
650
460
648
567
777
898
576
574
150
360
930
935
83
335
636
770
640
359
239
256
860
253
972
583
145
513
613
139
370
749
615
416
221
786
165
226
713
71
460
96
87
992
95
541
913
123
742
87
530
412
508
291
497
605
923
461
680
959
156
444
593
62
73
301
342
650
629
633
822
507
277
62
716
295
195
93
266
973
510
788
307
426
254
570
512
745
72
646
292
715
731
475
396
175
893
437
757
643
446
884
447
195
742
442
375
566
463
197
454
469
411
496
836
738
241
921
329
933
451
165
565
154
280
367
385
717
366
464
920
977
214
548
602
470
780
440
716
757
949
210
137
808
75
438
577
543
135
237
366
210
790
81
349
999
441
751
309
604
675
565
793
770
906
940
355
77
867
431
774
697
424
875
246
951
789
553
840
731
995
961
388
634
226
565
915
636
902
319
169
782
537
396
978
167
558
457
321
152
242
617
423
842
607
981
239
218
355
791
46
650
932
294
482
387
938
642
245
782
405
571
638
693
619
270
413
452
68
442
863
823
528
394
507
441
125
896
140
551
187
78
76
707
635
411
779
994
991
338
906
741
181
955
238
173
145
678
779
439
207
377
672
558
396
721
789
106
566
546
334
457
428
62
500
260
727
563
40
666
504
231
346
225
81
336
650
466
176
662
418
257
439
168
142
526
359
557
55
875
113
477
558
363
166
53
468
401
746
269
223
691
188
233
873
437
117
268
192
430
38
556
343
636
678
218
497
951
423
466
618
708
132
101
113
358
559
556
681
195
916
619
990
671
901
744
482
503
468
685
78
181
705
266
801
953
93
510
182
273
886
947
674
657
660
728
367
840
56
402
213
610
106
296
359
798
846
229
909
80
587
226
285
643
441
893
753
334
765
925
725
984
216
319
700
893
867
869
798
393
667
96
661
198
99
460
874
960
451
65
66
534
671
962
851
143
433
430
629
924
390
187
965
732
512
619
463
189
120
531
720
232
74
525
334
50
739
90
379
671
486
525
790
730
832
807
113
119
793
521
161
127
236
71
404
355
370
91
370
724
534
580
519
337
78
514
40
432
662
657
192
105
537
975
715
617
872
240
116
992
225
573
721
226
914
132
908
78
377
162
446
726
540
801
87
227
679
136
950
772
984
930
597
441
138
825
612
758
251
938
943
150
283
257
600
269
120
886
446
853
638
464
140
500
272
654
47
967
854
100
82
741
79
587
579
692
724
557
903
353
71
204
925
706
548
751
672
337
989
262
785
450
557
788
917
776
739
842
446
383
705
96
331
734
988
262
918
939
548
590
448
711
282
550
572
911
225
658
185
214
904
541
606
222
700
57
528
952
159
66
111
41
353
325
108
288
597
407
259
346
640
857
345
634
528
828
968
816
336
853
329
603
781
802
800
233
336
549
357
265
91
893
696
221
471
40
796
576
783
242
605
482
186
869
621
515
835
431
504
679
809
715
235
742
322
311
260
483
874
710
412
347
968
660
160
429
889
615
940
213
597
990
178
214
50
514
378
363
253
824
790
626
32
546
627
54
890
365
943
828
571
102
165
509
207
299
573
107
115
565
585
560
794
564
877
658
340
60
985
501
582
847
410
426
38
618
668
984
247
422
709
218
225
214
890
782
770
458
539
621
461
50
183
813
358
383
193
535
933
872
70
168
481
527
912
197
385
561
900
953
570
305
611
501
728
663
538
355
657
206
865
294
400
141
760
408
820
431
468
757
325
53
109
143
534
887
834
869
558
65
301
269
71
964
802
960
900
43
733
336
80
720
459
91
724
485
105
682
35
298
854
438
314
318
522
546
263
672
589
448
817
518
839
320
803
604
609
133
228
341
63
125
783
813
529
258
784
231
301
163
500
989
927
927
569
271
31
231
599
540
852
82
768
476
551
376
653
456
583
824
325
463
48
607
450
337
835
748
403
551
97
668
107
674
544
823
365
822
104
303
971
824
261
264
146
541
817
816
189
561
341
689
440
812
196
305
403
792
499
167
173
296
222
158
159
565
332
750
991
683
953
348
865
895
800
806
529
734
230
153
882
920
701
152
308
533
657
791
332
148
561
397
445
668
704
435
347
953
433
552
142
814
455
160
587
241
161
88
786
385
723
960
79
359
203
159
528
497
428
686
276
101
706
905
295
908
513
683
302
359
412
774
172
716
601
959
611
680
58
293
884
154
472
175
932
346
869
936
322
442
707
947
526
131
486
656
287
113
638
590
432
542
682
473
497
519
940
637
147
124
888
955
918
256
931
890
562
897
428
949
987
376
271
153
102
244
502
547
292
414
64
476
204
276
663
222
814
419
600
570
537
373
148
411
105
49
170
332
690
714
798
404
443
818
847
900
847
966
657
341
283
923
456
575
386
310
838
678
312
117
701
858
765
742
244
774
718
529
89
133
209
953
38
487
684
441
358
618
691
422
410
294
159
437
207
207
907
858
822
162
834
748
636
601
33
758
348
307
430
536
153
935
397
192
914
704
182
568
91
829
296
360
907
657
134
249
156
709
164
144
868
363
672
630
708
778
500
729
338
136
196
831
854
800
210
842
644
505
647
474
374
506
88
557
189
969
248
291
543
261
916
103
533
359
432
892
397
967
921
356
819
887
638
139
577
228
327
852
516
43
795
517
233
525
498
99
371
465
629
521
271
735
638
283
781
737
508
668
393
149
428
853
788
579
130
834
829
714
399
802
395
730
283
386
72
574
508
199
658
246
690
391
544
879
920
571
815
892
531
764
148
499
542
411
241
704
787
993
774
190
743
316
63
30
339
113
502
252
489
169
674
306
262
736
582
161
959
522
869
226
976
890
687
499
753
584
333
595
406
731
477
673
789
683
974
634
579
296
150
819
111
313
723
450
757
582
474
896
184
374
469
890
901
81
321
462
821
738
853
769
851
684
564
150
991
499
863
902
608
94
783
842
60
988
929
394
70
596
767
363
422
157
362
496
245
840
455
886
967
150
755
921
208
357
815
771
400
486
191
295
737
310
266
737
763
144
547
524
764
778
152
379
402
848
730
532
979
331
191
918
708
242
717
294
251
290
996
377
169
723
135
434
587
233
318
613
96
374
256
334
53
291
76
742
921
752
405
875
537
937
191
541
316
536
699
591
348
455
131
675
937
788
761
535
692
762
151
537
570
303
101
820
399
215
316
644
67
345
791
150
841
770
931
75
958
268
476
607
306
696
424
120
325
969
923
270
853
217
731
549
883
256
524
87
527
520
372
419
469
689
382
701
904
287
217
750
743
44
891
91
329
428
232
148
688
621
158
509
357
928
298
826
401
903
883
637
87
927
397
308
269
881
681
423
546
887
77
101
825
407
443
677
610
742
658
606
799
738
343
530
187
521
213
852
973
722
190
109
682
550
587
821
297
719
422
496
381
655
867
287
397
746
666
714
775
213
912
566
683
142
480
665
501
114
788
738
284
287
747
997
867
662
175
436
837
960
410
863
84
496
386
171
246
558
135
653
711
802
411
675
123
412
663
540
165
274
499
816
959
637
790
623
760
88
198
922
725
413
298
388
205
672
319
744
797
102
456
707
373
982
259
660
470
109
726
1000
830
760
87
639
871
884
82
54
263
685
844
765
260
70
821
590
280
694
499
823
312
808
222
685
65
978
944
90
323
868
699
162
95
382
953
381
326
473
101
326
444
195
509
569
181
209
552
951
139
425
785
38
348
975
115
759
445
117
640
349
745
552
449
851
262
423
242
829
149
726
268
961
399
487
169
245
871
375
742
79
685
886
509
655
129
361
776
309
1000
868
543
310
244
30
45
568
212
179
600
189
450
444
331
532
132
984
547
117
213
112
79
557
393
234
940
125
629
267
792
829
479
733
902
540
211
828
848
340
49
368
560
702
244
300
63
554
732
150
520
189
129
165
560
531
783
440
191
267
663
129
216
66
113
512
917
265
686
732
267
343
840
98
606
497
91
264
446
516
226
674
530
738
893
435
809
569
717
123
628
973
875
158
541
596
474
258
968
471
470
302
719
441
457
185
822
288
379
843
481
836
694
919
536
841
548
295
658
677
275
237
608
980
123
330
157
286
357
150
169
262
656
355
552
126
286
711
330
839
458
956
630
110
276
658
226
208
925
750
709
401
977
459
742
632
512
515
467
771
836
907
78
642
940
376
557
779
38
145
468
616
747
818
499
928
115
633
390
92
272
565
411
746
590
898
87
71
333
554
681
898
195
597
585
173
452
578
434
217
193
63
384
356
439
45
323
498
899
279
504
662
137
675
480
131
469
821
522
719
780
965
830
953
73
337
164
74
631
541
802
976
406
110
418
59
140
249
896
320
73
802
342
221
445
686
770
556
583
292
436
262
40
938
498
392
888
508
661
497
283
669
141
228
854
619
888
827
823
35
893
851
677
214
821
57
185
833
283
246
319
705
162
266
132
998
271
991
214
689
818
288
892
462
718
413
787
852
399
158
711
185
233
96
730
906
889
369
499
886
231
562
75
380
363
294
772
145
559
371
618
59
266
89
243
120
896
474
575
61
819
1000
343
168
486
746
82
60
814
703
450
891
727
499
48
793
171
449
735
66
225
433
593
435
435
151
235
616
154
409
479
357
771
101
758
437
369
38
189
312
792
417
62
319
884
280
685
975
997
72
390
110
907
101
675
49
154
946
301
563
294
428
574
1000
565
769
904
358
650
41
365
313
602
306
858
928
811
540
118
428
436
344
131
801
351
287
555
719
975
897
971
817
379
267
42
155
999
314
657
509
411
108
774
701
398
35
654
704
376
179
408
901
757
441
403
884
350
813
775
86
821
311
109
384
583
469
144
176
135
928
601
124
56
921
660
994
271
155
466
96
424
437
89
762
972
241
35
502
996
387
777
932
679
496
445
186
979
742
457
130
811
300
361
921
38
329
767
318
445
332
193
197
128
627
919
1000
540
940
752
567
787
863
185
770
164
987
691
664
652
606
511
192
696
660
568
786
308
328
573
501
668
479
114
305
342
416
849
612
46
517
793
250
743
98
884
199
395
756
378
274
988
36
926
488
895
291
303
379
856
124
321
632
391
522
466
527
213
916
90
880
878
209
246
934
610
570
839
498
261
144
873
212
896
641
575
654
159
128
851
850
524
340
255
950
503
44
424
47
244
814
799
576
615
840
503
523
375
619
849
451
447
371
146
245
172
717
739
622
972
720
335
75
114
176
313
762
47
919
83
411
231
639
842
937
401
147
1000
852
64
764
59
962
471
268
513
390
205
963
134
540
390
52
64
831
336
303
536
792
572
988
322
624
280
498
655
93
109
168
938
170
768
996
162
290
349
240
352
964
732
758
386
499
73
697
385
270
229
915
355
193
819
95
234
292
945
89
131
517
134
103
113
497
957
187
299
800
160
210
748
247
784
420
667
272
149
176
347
417
301
887
829
78
260
533
446
715
52
71
808
593
813
810
496
297
600
990
423
689
616
347
751
433
902
43
681
137
185
367
205
104
472
534
957
737
188
856
378
217
267
227
111
112
829
998
188
926
755
601
887
453
938
540
392
991
400
612
342
696
943
259
394
460
868
763
447
371
963
825
985
183
45
283
340
599
120
53
473
317
167
468
496
300
724
477
897
984
886
49
634
220
991
376
761
726
430
647
36
871
113
325
422
914
986
921
308
984
317
509
167
771
117
945
322
864
818
364
411
420
853
286
418
156
992
771
458
355
660
41
948
926
530
641
856
825
149
832
195
902
820
700
616
109
715
806
817
533
353
416
385
947
907
640
277
623
782
853
715
727
559
964
719
206
439
681
747
228
219
342
705
141
910
372
968
862
715
859
410
652
524
117
848
541
67
390
56
922
789
284
320
902
560
729
100
258
537
754
177
324
390
287
438
877
632
780
843
410
287
263
863
480
882
430
574
413
775
365
113
740
421
583
689
190
57
422
167
635
155
429
622
391
616
710
717
226
655
706
192
289
728
507
836
232
550
347
691
595
942
904
619
719
968
466
544
672
231
317
35
53
206
912
130
984
835
607
344
501
335
704
218
58
896
589
471
472
415
616
549
337
718
595
673
286
562
383
56
391
908
876
548
149
865
944
383
158
297
58
185
928
828
148
548
197
890
464
298
258
696
363
61
341
999
419
229
558
412
53
358
411
547
479
640
247
872
56
128
265
86
621
659
191
619
889
497
694
511
267
952
792
999
644
599
924
134
991
171
434
388
226
331
983
479
715
450
308
144
85
404
102
880
35
80
839
365
60
36
823
746
867
893
126
455
239
937
972
712
587
734
203
712
656
908
799
400
277
225
659
483
596
918
559
671
345
803
473
474
448
463
170
357
822
91
587
105
113
203
350
565
100
809
742
801
435
940
345
660
410
67
796
751
905
633
536
854
849
564
271
744
52
401
497
701
647
270
303
914
971
606
726
41
97
700
643
967
83
843
833
651
237
167
949
395
981
970
663
432
155
271
487
498
535
283
898
83
555
552
914
166
235
723
174
687
843
973
45
860
694
161
437
596
683
903
953
846
228
609
387
225
937
141
476
912
168
753
159
135
381
550
850
391
758
341
218
833
198
861
950
733
221
285
714
473
580
308
744
71
521
664
253
234
714
475
426
895
457
70
447
636
685
711
698
838
498
971
453
564
707
450
313
770
197
58
772
440
973
52
781
225
500
943
371
328
671
678
869
317
677
496
521
276
935
357
842
512
833
528
839
131
605
252
31
771
546
482
181
432
48
395
497
996
737
244
417
707
545
133
45
715
292
723
234
624
392
761
978
510
769
161
477
346
984
440
635
671
578
170
881
34
783
652
929
727
466
765
132
312
422
872
485
507
798
323
311
329
821
641
147
177
500
908
763
779
939
250
972
441
321
804
437
612
224
240
960
566
765
697
753
685
805
426
761
524
840
880
706
962
244
812
246
401
482
893
700
808
271
317
877
201
682
863
678
756
590
401
655
531
998
779
119
100
513
850
962
850
427
541
758
132
83
799
615
673
760
731
907
33
904
365
286
202
686
761
558
158
880
74
306
827
658
150
748
516
842
451
616
908
659
834
67
427
342
277
908
97
295
319
405
205
104
805
743
484
730
176
186
200
390
535
939
297
797
226
176
409
891
720
790
445
377
375
423
191
227
414
497
884
982
534
53
288
716
210
302
595
207
257
382
518
174
791
332
611
884
267
766
418
648
795
481
519
46
463
306
961
159
904
223
755
554
809
959
299
927
432
146
48
706
43
377
792
398
35
173
246
357
542
406
642
342
998
643
871
514
358
362
769
398
946
418
427
643
78
471
161
957
960
132
812
487
737
627
503
500
341
133
214
546
801
342
73
253
531
254
590
90
995
386
132
804
457
39
401
923
925
298
516
142
834
343
178
744
119
273
560
961
450
374
175
834
338
139
194
307
965
506
833
693
941
476
503
60
252
64
593
59
155
997
326
81
224
229
258
92
721
600
568
316
167
778
610
219
333
987
339
511
619
854
369
354
48
447
549
875
619
530
450
755
223
612
524
694
306
247
289
536
263
699
577
769
983
35
640
834
556
227
988
712
516
774
755
620
72
610
809
705
938
883
925
823
165
243
279
111
833
35
882
54
412
115
268
650
697
729
953
97
665
924
53
950
580
106
518
904
816
966
719
551
430
229
125
909
414
275
895
778
284
534
131
545
318
760
556
611
339
557
997
200
772
739
407
613
543
830
894
969
730
832
259
337
904
692
683
701
653
996
530
380
703
641
196
865
924
275
512
720
452
765
877
456
55
930
531
720
696
53
947
790
172
609
717
723
361
231
489
293
406
471
377
599
514
94
673
353
852
42
104
557
153
515
664
376
279
676
229
641
827
712
582
298
499
489
103
738
480
97
135
648
181
636
871
934
94
134
135
778
672
281
74
127
200
505
438
559
760
38
735
198
174
289
342
740
380
42
95
330
369
604
584
552
559
701
797
985
954
457
811
330
856
220
500
232
744
87
725
695
920
810
605
187
767
973
507
377
355
68
810
52
183
109
85
112
786
966
621
485
747
873
673
286
939
947
443
498
634
835
260
977
275
149
42
505
726
89
617
981
179
719
886
448
253
607
809
973
716
842
226
623
814
743
397
142
611
278
135
938
753
356
423
955
107
743
532
874
782
691
158
445
778
611
983
453
569
877
811
34
787
959
525
69
709
286
709
543
156
621
409
636
525
228
771
795
188
124
185
791
180
376
894
999
448
189
941
599
467
980
324
206
472
120
166
365
223
856
233
174
211
199
891
734
645
739
577
635
779
421
508
531
30
621
979
993
826
36
424
637
159
597
917
352
697
654
317
285
72
754
544
429
913
637
413
594
764
838
936
343
804
593
154
502
650
543
390
642
413
648
318
256
568
149
944
853
866
262
496
257
131
365
443
870
502
437
430
812
363
277
617
761
241
64
989
571
563
737
647
801
66
119
847
593
284
550
712
831
176
945
415
696
83
285
293
183
834
193
965
247
632
726
238
187
108
356
979
868
383
277
487
991
434
480
587
789
562
218
126
951
723
115
50
97
981
270
376
655
414
357
179
619
584
149
698
590
392
348
907
367
247
301
477
788
500
115
473
504
444
775
468
339
446
399
442
760
324
737
369
410
686
690
454
30
999
571
971
224
965
817
383
274
654
599
794
439
590
286
874
290
282
990
373
533
283
328
646
403
752
202
325
700
630
541
543
645
180
550
913
234
41
756
823
859
257
177
679
341
303
553
281
992
884
84
474
273
907
574
227
214
817
289
607
50
399
672
204
686
556
203
859
65
48
677
478
498
849
232
634
182
153
192
637
230
534
203
159
289
928
456
308
288
481
335
847
410
382
365
848
672
248
660
862
770
85
896
706
372
797
249
296
436
549
84
817
357
851
470
719
458
331
984
451
914
967
86
232
101
258
296
815
388
719
488
966
260
43
297
877
322
595
794
620
582
847
631
236
458
396
720
904
899
682
833
547
647
774
453
917
457
986
761
64
348
993
523
362
749
387
155
255
135
920
814
886
39
413
284
99
53
966
680
833
611
857
195
148
862
92
536
608
982
63
186
884
656
271
154
205
770
677
686
960
363
279
221
892
417
632
629
477
897
419
249
808
507
222
714
465
503
532
885
315
523
447
904
931
849
965
54
977
665
454
759
388
398
574
967
841
397
545
815
650
612
748
176
562
475
285
305
977
521
445
151
43
413
98
958
666
555
463
203
330
794
281
873
523
73
972
450
136
897
941
397
976
312
691
829
259
176
848
289
212
551
465
322
936
375
640
410
240
958
161
839
980
544
360
117
239
229
338
586
636
381
126
660
965
507
107
895
161
602
288
770
33
599
924
833
112
655
70
650
668
760
412
424
640
848
715
921
410
903
676
530
938
222
173
735
303
552
506
209
229
276
843
853
649
930
368
658
869
451
129
571
695
516
990
171
461
910
211
700
472
415
937
836
36
125
302
743
43
609
106
422
285
168
502
859
827
730
418
710
102
921
67
702
144
425
442
549
740
31
847
915
145
674
190
415
503
857
799
720
513
229
59
695
922
185
975
626
834
95
600
585
912
981
316
65
763
430
906
550
166
398
248
928
831
448
569
604
889
886
881
696
877
991
971
750
689
722
450
420
542
652
267
846
972
411
144
634
254
526
717
959
808
732
956
874
565
227
452
822
461
415
89
399
538
240
216
755
591
615
111
899
121
136
114
826
319
878
677
38
800
308
885
359
904
434
97
687
554
369
756
805
448
745
994
154
80
951
456
240
862
62
218
239
951
81
801
570
824
684
812
258
569
899
722
750
132
841
67
263
842
209
990
798
834
347
322
912
99
63
408
316
138
155
811
387
359
283
201
579
289
511
196
71
158
995
647
926
783
522
459
973
997
61
216
498
373
591
892
897
660
265
391
203
352
214
700
106
685
353
500
583
245
843
214
617
895
99
172
518
1000
793
148
913
139
144
70
187
563
679
500
429
303
434
844
472
497
809
575
111
701
265
128
70
268
858
661
468
175
645
893
199
930
447
886
40
182
992
244
141
57
313
730
289
989
920
991
685
241
256
683
137
919
264
800
114
329
784
881
714
57
608
200
768
80
170
509
818
141
814
96
689
374
267
806
524
814
340
30
422
379
802
393
529
747
170
926
277
90
906
566
933
640
182
409
825
460
422
970
313
806
761
363
640
163
288
496
803
219
57
897
923
523
922
463
515
935
91
364
46
476
562
603
970
525
977
311
171
519
278
791
878
967
897
533
511
324
497
501
359
574
530
873
733
910
604
853
402
964
654
587
391
373
416
633
319
239
384
641
844
756
391
839
669
557
74
883
804
604
99
50
405
329
940
626
357
80
134
635
681
433
625
744
910
789
364
970
113
59
922
507
912
919
552
89
562
894
153
762
505
764
221
87
931
645
841
92
477
226
530
271
32
539
587
511
743
829
326
842
48
152
91
604
781
175
480
240
836
34
533
397
980
588
416
932
190
252
592
256
113
849
773
425
129
834
269
387
213
780
319
616
891
983
531
682
442
88
263
873
637
735
590
589
301
814
178
733
72
139
374
956
562
325
409
500
864
903
782
672
722
358
427
804
333
284
589
135
175
508
553
506
225
873
907
668
73
268
521
909
634
913
842
40
204
118
119
160
72
62
906
485
206
432
978
176
453
884
69
65
98
896
950
654
738
708
620
658
750
995
608
120
649
852
890
128
820
957
253
546
794
485
619
446
224
699
791
546
171
703
477
60
272
928
914
500
464
398
91
458
216
705
261
95
662
82
193
896
196
861
557
559
422
753
487
134
345
673
748
140
772
659
790
193
890
931
957
859
927
580
366
618
554
717
993
852
410
641
509
47
781
913
461
376
782
637
379
70
684
43
487
990
88
300
188
694
134
446
924
618
303
792
280
877
84
525
592
687
527
885
842
272
280
37
714
864
824
98
46
919
387
839
889
859
146
961
600
422
234
639
427
187
656
843
112
776
587
589
615
488
790
482
627
459
359
135
283
168
418
630
429
252
360
194
938
339
811
843
546
557
508
734
885
390
351
399
327
415
510
537
46
967
909
731
181
932
257
518
235
282
810
198
324
812
960
617
969
137
475
321
323
190
893
188
205
110
890
439
155
663
797
543
957
315
818
742
412
998
854
893
202
823
529
683
317
644
704
203
590
730
773
518
549
969
381
908
84
731
464
190
349
517
614
666
949
867
441
571
778
899
896
371
870
133
327
439
439
991
118
588
91
984
71
55
43
179
467
363
600
118
829
53
804
942
198
762
189
770
528
980
219
831
834
393
959
243
755
908
60
779
699
861
748
637
347
166
58
51
167
87
630
37
861
149
661
430
673
56
890
591
518
84
425
302
542
647
955
99
832
536
744
937
925
228
924
603
60
346
398
470
724
364
185
136
255
284
178
279
47
781
740
241
925
971
883
952
406
819
348
788
807
302
1000
382
510
810
273
717
721
917
887
879
284
408
145
158
775
731
758
447
68
333
321
119
683
66
301
200
762
560
861
325
838
519
248
515
387
239
125
892
708
455
513
279
775
427
375
912
687
800
522
812
305
525
733
119
511
123
434
131
703
808
536
453
389
575
456
299
115
438
725
760
964
151
549
706
431
87
784
560
535
629
864
879
229
171
933
87
68
926
749
628
828
302
188
511
661
706
191
255
366
397
971
686
208
665
243
239
160
697
316
998
827
523
571
966
135
922
293
906
387
322
934
31
382
210
242
39
711
445
115
159
964
59
875
222
409
167
521
697
846
328
45
163
58
255
946
385
639
414
990
131
331
385
245
230
748
59
909
478
906
499
57
93
745
853
225
107
981
513
754
524
184
690
333
359
155
991
788
789
68
691
817
270
141
728
447
992
657
732
882
927
422
536
688
923
414
376
185
418
128
439
782
783
655
942
697
303
889
555
578
258
713
308
190
875
226
871
411
677
359
778
348
497
666
337
352
723
830
118
663
179
254
496
520
92
944
739
636
759
990
417
385
319
424
460
314
74
721
454
65
48
880
772
371
498
37
521
349
552
274
152
209
389
439
901
561
584
418
298
929
498
148
681
337
654
724
669
271
297
234
232
475
171
146
784
468
470
590
944
768
367
186
697
850
51
555
111
620
794
300
993
340
148
220
501
661
322
179
186
231
475
270
298
975
289
533
423
570
694
557
217
944
463
518
576
669
413
594
70
149
811
510
401
142
219
111
164
507
816
40
100
678
691
206
501
849
496
826
923
659
691
320
857
436
551
767
698
303
104
709
370
360
551
374
462
797
446
453
284
259
535
781
317
635
765
410
511
338
225
420
203
393
130
577
465
765
911
477
838
441
368
244
758
697
506
965
157
980
690
731
994
806
427
516
518
875
905
663
373
935
54
642
258
950
737
700
539
320
944
970
542
104
814
106
64
136
1000
815
749
990
582
279
866
887
724
830
147
235
525
950
35
401
747
765
557
832
329
330
857
735
688
774
358
38
549
358
780
623
144
381
783
585
777
485
101
717
442
454
777
940
934
836
845
299
222
746
874
118
191
925
329
726
496
716
973
927
975
834
975
382
92
146
127
643
950
869
582
140
802
112
889
141
746
766
555
363
726
989
661
608
485
459
570
673
509
354
569
261
703
343
156
76
830
350
511
59
714
403
322
573
330
258
545
223
767
887
845
643
68
918
962
413
818
34
247
382
900
698
239
212
414
447
837
296
205
650
433
475
371
322
836
590
346
32
308
562
768
98
223
408
387
488
352
839
616
969
480
407
324
359
372
297
252
853
533
961
710
895
373
208
865
209
37
921
594
907
440
504
948
374
622
266
108
275
526
433
973
165
389
828
273
446
988
318
448
527
38
283
950
76
714
763
543
234
483
782
553
924
242
885
530
487
501
40
715
712
496
928
323
607
205
924
326
221
428
917
838
435
922
418
428
756
726
577
289
482
503
503
371
887
324
327
386
236
753
223
570
265
665
126
969
967
160
87
156
199
266
657
259
805
775
850
299
953
175
568
735
840
184
523
616
997
664
745
44
107
158
558
118
557
178
986
96
462
478
208
833
243
478
360
589
809
198
700
315
627
361
872
570
225
366
135
410
723
659
992
172
611
351
118
508
498
350
605
103
353
503
393
988
178
561
389
735
611
446
104
739
735
142
572
234
225
235
390
691
850
247
388
375
625
180
528
278
741
239
64
242
479
316
369
140
144
594
713
726
185
613
564
412
127
134
406
451
627
778
525
501
380
446
796
394
394
743
500
991
402
288
151
116
206
458
313
285
636
95
427
626
144
407
923
237
692
118
661
453
376
380
936
718
186
196
528
635
73
674
787
965
496
53
265
690
777
919
743
298
124
567
267
585
661
728
551
356
231
619
745
194
805
220
225
34
190
588
682
749
317
755
882
572
824
147
747
818
945
727
700
815
662
982
744
678
591
52
934
792
872
150
616
199
948
520
743
71
240
575
835
821
705
312
232
293
253
368
196
807
607
144
525
288
703
623
514
950
951
551
230
875
743
196
832
543
918
642
534
294
181
524
228
819
44
879
476
439
583
580
55
739
551
615
600
721
202
198
800
849
782
404
945
762
683
990
922
867
487
591
908
859
440
511
436
509
859
623
193
943
778
481
534
665
577
354
946
297
301
61
184
593
835
751
831
146
589
655
268
415
526
790
827
751
731
147
596
251
320
151
826
221
344
885
227
87
936
186
813
691
196
768
546
601
677
735
527
458
123
605
429
515
709
710
876
110
487
392
839
753
843
180
889
549
621
175
64
465
383
109
923
214
696
314
235
574
89
776
362
652
588
170
883
278
994
955
596
259
893
888
278
568
418
959
426
116
915
711
978
867
924
976
812
763
277
845
550
889
459
577
190
788
38
801
703
434
556
516
241
79
96
595
726
750
195
332
327
639
791
536
958
462
315
921
796
651
334
70
48
33
387
978
891
599
961
610
960
471
743
667
536
321
764
425
978
208
1000
656
841
355
582
860
588
896
884
335
291
832
441
269
98
432
791
287
327
412
903
527
640
279
649
902
108
708
831
577
92
172
387
577
732
838
69
780
230
362
687
865
87
791
450
284
780
44
394
448
817
501
675
549
223
654
650
644
615
155
661
401
937
322
56
325
559
582
326
127
113
144
560
739
563
76
263
910
625
545
645
363
859
304
70
497
387
347
63
409
605
298
765
958
326
424
261
446
986
334
637
305
45
895
760
192
932
252
957
269
315
733
738
38
615
908
353
555
720
61
94
916
980
648
783
757
581
351
651
148
845
541
618
913
630
689
528
944
643
631
575
65
950
878
646
130
588
993
538
665
202
838
380
766
668
534
138
45
693
690
861
118
852
647
928
690
817
167
227
330
868
560
464
100
436
311
684
720
309
952
700
916
960
135
684
717
794
73
254
574
221
811
523
266
63
474
855
673
338
477
613
530
498
845
259
463
841
299
268
957
355
151
566
510
44
32
757
36
964
652
347
246
690
608
111
506
869
476
943
837
73
823
255
223
835
404
715
580
106
234
795
109
560
769
139
164
884
412
212
279
869
32
576
89
189
342
215
811
649
229
520
338
563
964
338
913
276
770
935
282
296
635
664
810
869
668
501
566
333
780
729
984
945
671
117
393
148
634
569
167
183
969
382
669
414
762
539
936
398
225
659
418
914
228
576
835
559
462
567
803
662
365
856
853
821
159
699
310
459
932
579
963
639
173
152
609
552
776
456
444
895
576
761
987
264
473
151
605
816
40
707
71
404
825
62
661
686
265
727
116
531
659
407
984
177
426
893
157
624
693
393
740
227
879
328
555
85
168
900
50
364
963
403
748
569
819
239
914
668
393
519
407
541
681
452
758
945
141
89
692
447
478
222
438
147
256
802
746
727
562
989
836
642
313
536
797
388
34
591
376
233
156
378
648
807
649
52
406
498
400
590
437
727
552
940
965
104
457
228
878
203
977
92
797
394
587
238
951
455
448
693
694
151
199
785
173
596
49
812
196
762
954
320
773
634
681
98
137
791
295
