39916 865 1440
6064 28
5305 44
37814 14
28049 10
12233 24
21118 12
22546 4
12933 50
9900 6
4474 42
5812 40
11654 20
25730 28
3419 24
12089 48
10030 44
22117 18
8357 26
16031 4
7253 24
2421 40
29159 24
28330 24
16879 48
25849 20
10706 30
35661 40
2689 46
25776 40
8463 10
16406 26
20893 44
35289 26
9583 12
39869 28
21601 26
31625 24
21311 28
14045 26
16162 24
13439 30
39174 8
35083 32
36989 42
30801 12
39080 30
29642 48
5995 14
37528 38
16194 42
7766 36
25157 34
37339 4
13069 26
22762 32
30711 8
17736 28
22855 34
36666 26
30410 32
27932 14
10389 22
24204 22
33815 4
7035 34
1066 24
4221 18
8814 42
25967 36
26716 24
17660 46
31348 38
23784 44
25240 46
38899 12
17257 16
21821 30
13913 46
24131 6
389 22
24272 46
27750 22
18004 28
11893 48
26750 20
22663 8
5841 26
39296 36
17829 44
23640 42
27391 42
38156 44
30761 30
3068 32
26978 50
3911 48
14342 26
36168 32
23860 36
24989 18
21368 40
21938 16
38981 44
24507 38
24439 42
18309 4
12797 42
4575 10
32554 40
38455 10
12394 14
9264 50
17502 24
7056 40
35929 12
34894 6
9871 10
9202 14
28028 40
2373 46
22595 40
1948 40
14890 42
27283 26
38555 16
15701 26
9462 22
23224 42
22335 22
32423 24
15972 46
22260 50
19400 16
26390 40
4084 42
30170 44
35902 4
25754 4
6194 30
28789 24
31391 14
1611 34
14779 20
25634 42
11332 36
29916 30
14186 40
25387 26
29988 38
27232 16
7420 32
20277 10
26251 6
31837 8
35512 36
17578 42
38600 22
23945 34
20521 46
34831 24
32404 34
3545 28
21699 24
32817 30
25894 10
8932 30
16221 8
12488 10
10436 28
8431 32
18102 18
10293 42
1189 34
11758 14
18363 6
15658 24
36907 38
36403 18
4203 26
39740 40
19781 34
14236 34
33169 6
27357 38
17071 4
9799 20
27201 22
17202 18
21803 36
14525 40
4354 50
13601 14
2793 16
33378 38
1741 20
9008 38
14810 22
16512 48
4942 46
8065 18
3370 40
932 38
8869 30
5369 6
38462 4
6118 32
35052 26
25913 6
19194 36
14158 38
39061 26
32105 6
27836 20
3163 16
2659 6
12543 26
1444 8
39581 32
24576 10
18921 18
11770 20
33044 14
34616 4
5429 14
27885 30
19727 16
38846 26
29105 30
12494 4
4105 26
35630 24
29900 20
8154 42
1925 46
39410 46
3277 4
29701 50
7845 20
20049 14
18662 38
30613 20
20610 20
18277 10
6550 50
22811 24
36244 48
32939 50
2213 6
23497 16
3986 10
35893 16
36491 28
31975 6
19654 14
22958 28
1525 4
5902 14
15442 16
35262 50
13295 38
10659 42
20095 40
31657 42
19338 30
15118 28
35789 8
36421 28
19436 8
6965 30
14949 36
31272 20
32647 10
6293 36
30839 6
29380 40
35762 6
37774 10
10501 4
686 36
10869 42
19492 16
5249 50
18141 44
26700 8
3748 22
2921 48
13381 22
33553 42
15771 40
27455 4
3825 18
37696 40
7788 14
1563 6
25997 42
30462 34
9928 20
3485 18
1090 32
10809 46
22027 6
22996 36
22715 24
21925 6
28815 24
11570 26
25083 26
8225 34
13717 30
8659 38
9157 16
255 10
20571 16
34418 28
12184 38
29801 42
33916 30
18996 36
14461 50
25115 26
34726 22
33840 36
36766 8
29355 50
29531 36
103 50
14726 6
28470 36
1851 4
19824 6
37196 6
24367 44
7133 38
30555 22
5279 18
4177 34
17342 30
1803 10
37829 20
25216 42
36743 38
37760 20
12298 6
16387 18
30113 30
37981 22
5452 32
29292 36
24063 50
25284 26
32530 42
33987 40
17050 24
2280 30
26843 38
20371 30
1154 42
18733 20
35450 20
31803 36
3004 22
7580 34
11024 46
26486 46
10915 14
13564 6
9400 40
34623 12
14693 48
26315 46
13773 10
27637 50
23444 24
33699 38
6620 32
34804 40
37640 32
11852 10
19952 24
5022 20
29557 42
8314 48
31885 14
2856 30
32975 14
21723 38
31560 22
12366 50
6098 34
32021 8
20833 18
5756 42
17423 22
23298 42
1392 36
1042 40
23927 10
36807 16
39823 34
6255 24
32253 48
12852 32
36844 40
6675 36
39506 50
3657 22
24790 34
10328 10
32988 18
2029 44
1727 8
38407 28
10182 48
15913 16
16826 10
793 12
4499 22
23986 20
24623 28
37507 38
4057 38
13865 46
38649 36
308 36
542 44
11975 6
18542 20
23157 10
38221 10
25663 24
26435 20
32061 4
29411 26
4649 38
31288 14
2003 36
18261 10
5965 20
17712 28
11275 12
27772 30
28367 40
8118 10
13320 38
34167 42
6357 38
38727 30
19375 6
436 44
37365 24
30927 34
20021 14
15592 36
29851 28
28489 36
33165 8
6415 16
4328 50
29960 46
14642 12
37153 22
362 46
12584 16
6473 48
34683 30
982 34
23894 44
38522 28
10212 16
33179 10
31447 32
30875 34
34033 20
9977 6
22071 6
28187 48
20754 50
16283 18
36566 40
37386 26
12713 4
26781 48
5782 42
16458 50
16846 32
20165 32
13146 40
1687 48
36081 38
460 40
26588 36
16332 28
18529 18
13393 10
26199 26
32744 18
2343 46
4280 8
16577 44
17983 16
21546 34
27168 46
7325 20
27515 50
3216 50
32477 10
30361 40
14112 30
28845 18
28430 20
20458 8
9238 20
23035 30
11730 44
13182 46
4719 32
17118 8
30533 32
39703 16
8756 14
15197 32
15556 24
22231 8
25335 4
8003 42
33122 24
27075 46
30979 36
9914 8
13828 38
23374 50
34464 12
25020 26
7636 38
20186 34
18803 22
17920 50
37582 34
3879 28
19088 50
11210 18
33085 40
2838 16
7716 50
37910 48
10269 24
2762 14
24680 50
35317 14
32697 42
33354 18
25414 14
25708 16
21526 30
29454 38
35157 46
10747 26
20302 18
18788 12
36682 26
31058 46
5695 32
1290 44
9827 44
29744 16
2143 38
14291 48
12441 44
29025 30
33520 50
17006 36
18581 36
17393 4
34230 44
3844 16
28127 32
27485 22
32149 20
25545 4
20660 44
35398 8
8549 42
21145 34
15047 50
21287 36
28683 46
20218 44
7900 4
17169 16
727 32
38342 8
10129 18
13511 46
15173 36
20996 32
28593 38
32763 34
39362 6
11859 6
29227 20
33 38
25931 8
21778 50
14598 10
2305 30
16922 46
33620 26
22378 46
34971 14
29615 14
4846 12
4260 38
7523 50
10094 10
22697 18
3762 26
33280 48
7193 26
25433 30
35380 30
12726 6
13269 50
21471 4
11995 38
26867 42
11120 50
5731 50
26368 10
34382 14
166 16
26907 50
11787 24
3939 14
1119 4
9655 6
38009 14
20428 4
18404 14
21855 46
24928 10
23093 46
11965 20
38063 44
5541 46
37721 22
8618 28
37280 20
36140 28
19673 10
35705 34
11428 46
19586 30
12044 20
38275 48
12156 8
2540 30
16605 50
31496 20
3121 34
31732 44
7382 40
11070 6
38778 14
36302 8
32341 30
26220 6
7557 12
39542 50
2475 32
9335 6
18050 12
15336 38
33107 8
17766 42
11602 46
23838 12
12771 28
10615 50
9313 26
3602 10
28725 34
30314 26
33426 46
1875 6
14389 46
28534 32
31914 50
18189 40
4974 34
10986 14
2620 48
31240 30
11184 20
1503 30
22198 44
27998 46
33782 48
19296 38
26567 6
7973 42
18862 30
34586 18
35853 32
16671 40
15265 12
632 46
37607 24
35836 10
32859 48
14738 20
28148 20
21412 42
38956 28
5159 40
28961 22
27546 34
29193 32
39638 48
9531 16
15019 32
30065 44
23663 40
17280 18
6779 26
9960 14
25593 16
34073 48
20922 36
24709 46
19150 36
36648 34
10945 38
15866 46
36346 40
13663 24
1459 28
9609 20
1348 26
22448 4
34342 44
37553 18
2100 18
37057 18
36001 50
1206 26
37081 38
9079 42
11509 22
9594 14
19124 8
2986 32
35593 26
8485 36
13548 14
34262 30
4599 38
19904 22
844 44
35213 44
10536 16
19538 16
9351 28
17466 8
5564 36
32630 32
30660 10
26522 22
208 24
3304 10
16049 34
15794 26
5616 36
30493 48
36269 48
21671 18
26662 40
39124 18
16147 14
12653 48
31407 30
1364 20
24134 2
4885 50
24883 42
28218 50
11268 6
27857 32
16115 26
34133 14
21060 34
39433 32
28097 22
21217 28
3705 40
12997 38
13973 28
37226 10
9761 18
31184 24
25351 28
21973 44
15483 42
9695 34
31135 36
34934 20
27693 36
21013 24
35021 24
13339 18
6704 38
26134 20
22906 44
25491 40
30239 36
26072 22
4682 8
23555 32
37996 22
17144 38
19864 50
4758 12
13783 18
7456 10
23712 4
13591 12
33226 16
22472 46
28074 40
34529 22
24165 26
18472 28
179 24
8962 38
32228 48
18975 14
38865 28
16427 38
19275 30
36935 18
19568 8
24406 24
6913 18
4528 22
11362 16
24861 16
16740 46
16805 40
2570 8
4426 40
28300 50
39241 50
20442 26
36510 24
8732 34
4778 32
26102 34
6840 34
29263 22
20041 6
14754 14
28912 30
37418 50
5053 48
5084 46
15414 42
52
10
32
48
40
54
40
12
50
56
28
40
4
24
16
50
46
30
36
28
28
36
4
32
42
12
34
40
14
6
30
14
46
46
12
46
26
4
6
8
58
24
6
34
50
30
18
60
42
28
44
6
38
6
16
22
34
38
54
6
40
32
36
4
34
4
56
22
32
26
38
34
44
22
48
50
52
16
44
60
12
48
22
38
8
12
56
56
46
22
30
48
50
22
4
42
46
34
40
58
8
4
14
50
12
20
50
60
58
56
10
6
18
56
36
8
60
6
58
52
20
44
18
4
14
20
8
60
34
12
42
30
16
30
58
28
38
8
50
56
60
60
60
20
6
10
40
18
56
28
18
60
58
50
24
18
32
54
18
54
8
52
60
40
36
4
4
36
52
4
44
22
30
10
50
46
26
52
12
34
22
30
46
34
50
54
42
8
30
46
6
32
56
8
16
58
52
60
24
56
34
8
20
24
4
50
28
22
44
8
30
58
28
42
30
54
58
36
18
50
18
40
12
18
20
30
30
52
30
44
30
20
54
22
20
16
46
54
8
60
48
10
60
60
24
28
18
14
36
58
54
42
44
52
4
28
6
30
12
20
22
8
10
56
8
32
6
46
44
16
46
32
58
4
48
10
10
52
34
58
58
20
20
10
58
60
34
10
34
46
36
10
50
42
44
26
14
60
4
10
58
6
50
48
20
8
26
30
40
42
24
34
22
56
56
44
22
28
30
60
52
48
34
28
40
56
38
44
50
40
8
6
58
10
6
58
20
34
58
4
60
4
8
24
58
22
40
22
58
48
10
16
56
54
30
8
40
54
26
48
12
34
58
56
24
30
14
48
4
38
40
10
4
52
26
40
36
48
6
12
8
24
48
48
44
40
40
26
18
32
40
38
24
52
24
26
56
44
6
38
22
60
24
52
40
36
56
22
42
54
22
60
4
42
8
20
56
12
36
60
46
12
22
46
26
60
30
22
14
6
18
24
52
28
28
4
14
54
60
52
20
52
28
28
48
6
14
60
10
22
4
42
4
28
52
56
10
50
44
40
10
26
50
20
54
6
14
46
26
34
4
58
50
24
4
10
22
16
36
12
4
50
4
12
58
30
22
36
48
32
10
18
20
16
52
24
24
32
6
48
24
28
28
24
56
20
8
56
14
16
52
50
44
36
8
48
24
34
48
26
34
36
16
58
46
60
26
56
30
20
60
8
30
60
56
56
54
44
18
32
34
34
26
58
46
16
20
54
58
24
12
48
26
58
10
24
20
54
56
54
8
16
40
10
12
54
44
50
18
28
36
46
40
18
16
44
16
8
44
12
24
22
24
12
24
36
24
4
48
48
40
12
6
22
36
30
10
10
42
24
54
44
54
50
36
60
22
32
16
42
28
50
10
56
34
10
28
42
16
34
56
48
22
10
54
28
40
10
10
14
10
40
18
36
44
20
48
18
60
58
16
20
22
34
44
42
26
4
20
36
36
22
46
36
46
44
44
14
14
40
50
60
14
42
44
22
38
40
46
56
24
28
40
18
40
60
42
20
54
24
6
48
22
54
56
22
44
60
56
10
60
24
44
16
32
6
6
22
26
50
6
50
20
32
46
12
58
60
20
12
48
60
52
32
10
48
36
24
22
28
52
18
44
16
8
28
36
46
28
50
6
6
22
20
30
50
16
58
36
4
44
20
20
10
46
58
32
36
32
16
44
40
24
60
16
46
56
34
52
4
10
22
28
12
38
12
34
16
60
60
16
48
36
24
46
12
28
12
26
26
4
18
20
40
12
34
22
14
42
28
26
12
36
20
26
26
52
40
54
6
10
46
26
32
10
46
6
54
38
22
50
60
28
34
12
42
32
46
36
42
36
54
28
42
36
52
36
22
26
22
34
38
40
6
38
4
60
36
50
4
52
28
8
34
54
14
20
42
32
16
46
54
28
8
8
28
22
4
48
40
14
36
20
54
48
22
58
28
12
14
56
28
10
48
34
56
20
12
60
44
34
32
10
26
36
58
20
28
56
36
28
30
58
56
12
16
46
16
28
46
42
10
18
22
34
30
30
32
40
4
12
18
20
14
24
32
48
58
50
50
46
28
26
8
32
18
28
52
58
42
58
28
38
6
4
12
22
4
54
30
38
36
10
20
32
44
36
22
44
6
54
10
16
28
48
42
8
8
14
58
46
20
8
52
22
48
16
52
46
22
22
14
20
50
58
50
24
10
26
30
54
60
30
24
36
26
26
32
22
48
44
12
36
6
8
56
26
50
24
8
24
54
10
36
22
30
52
38
52
18
38
46
36
24
20
8
48
58
8
50
32
22
14
52
22
42
54
48
38
60
46
6
52
30
10
46
4
34
36
16
14
18
4
52
42
58
16
12
34
16
40
54
22
24
16
34
16
14
4
14
38
30
28
10
50
44
48
46
12
16
56
34
12
28
46
32
4
12
56
36
46
24
48
60
34
42
12
50
28
44
8
34
38
44
46
46
30
22
50
50
10
24
30
20
54
52
4
60
18
38
10
36
52
44
50
34
60
30
46
58
56
22
46
4
30
48
40
32
40
22
22
34
10
34
8
48
4
16
28
42
4
52
56
34
56
28
10
32
52
38
8
16
18
6
12
34
52
52
40
30
34
46
60
50
8
16
6
10
52
40
42
58
36
6
14
34
10
40
56
28
20
28
56
4
30
4
56
6
28
60
28
28
16
6
14
40
50
20
28
16
26
14
42
20
6
54
24
56
46
46
32
36
18
48
30
40
20
22
10
40
60
16
22
46
50
34
28
54
40
16
18
24
26
10
46
58
12
36
26
20
32
50
36
50
44
20
38
4
58
16
12
26
42
60
10
16
56
54
20
48
32
36
30
40
56
44
38
38
60
46
26
58
10
18
24
28
60
12
46
18
58
42
16
52
56
36
12
34
6
28
14
42
42
46
20
18
28
16
44
58
40
10
44
36
12
30
14
20
40
26
54
44
48
38
50
12
42
60
30
12
4
16
52
50
26
36
38
32
44
48
34
46
6
8
6
8
14
26
58
54
60
58
58
28
32
18
14
58
38
4
6
8
14
50
34
36
58
30
40
16
58
60
22
18
58
40
40
20
42
8
30
26
6
40
46
50
8
26
14
30
24
38
36
32
24
24
10
28
36
40
22
60
60
4
52
34
54
10
28
4
34
6
24
60
16
38
58
14
18
52
18
38
20
30
6
46
36
22
30
6
50
34
22
8
30
44
52
60
44
54
26
4
34
10
24
8
46
22
54
20
