2000
7 75
66 17
75 3
91 78
70 19
98 21
62 4
42 50
54 35
33 57
89 63
3 60
61 13
91 24
39 64
49 28
2 96
39 39
60 27
28 76
55 44
59 58
23 96
19 66
38 81
49 16
67 8
74 67
39 22
99 24
57 60
97 34
51 15
82 74
24 29
50 16
55 55
31 19
31 80
4 85
51 27
57 85
28 15
29 13
29 84
33 51
58 5
66 34
24 90
81 3
18 46
100 1
28 68
79 18
61 16
4 46
12 48
56 40
88 50
12 32
42 43
31 69
75 39
5 6
12 15
11 16
16 40
8 38
19 27
18 27
6 78
9 49
48 69
82 50
37 25
17 1
83 7
12 71
23 92
75 79
80 60
58 16
58 57
40 72
98 20
28 23
60 72
88 49
19 45
81 95
69 73
96 54
94 85
68 39
84 42
32 37
42 57
21 65
45 34
88 93
57 55
96 56
42 11
71 76
77 37
33 63
38 65
52 47
49 57
56 97
58 22
37 57
17 99
37 15
48 90
35 59
44 54
3 19
17 72
24 1
95 6
92 95
56 83
10 71
73 13
19 98
14 30
34 100
68 15
62 22
84 7
90 33
67 6
6 58
18 38
100 55
17 31
48 40
82 55
10 92
76 86
45 42
9 16
81 94
8 90
46 20
55 98
14 73
38 11
21 66
78 100
40 71
61 63
12 38
15 12
31 57
97 55
74 5
14 46
32 65
82 40
28 61
19 54
23 44
37 23
83 59
45 77
21 39
72 56
16 100
89 91
21 95
43 30
35 58
92 72
79 68
45 70
86 65
8 85
40 55
83 65
11 79
83 32
55 58
31 67
27 98
73 32
32 5
85 19
32 89
61 33
87 14
97 39
33 42
98 58
89 81
46 4
100 92
91 50
45 32
9 54
87 46
99 90
94 17
70 84
55 82
83 97
10 19
60 30
56 73
61 65
7 81
98 54
50 96
72 41
70 32
82 69
83 81
100 91
11 96
91 86
49 84
33 89
76 27
4 95
87 42
20 26
47 81
41 93
59 46
28 36
79 77
41 20
1 24
100 78
14 95
96 86
58 93
5 4
33 25
78 41
71 8
47 76
95 85
46 78
88 32
92 63
35 56
59 26
60 97
12 16
32 76
6 72
4 78
87 7
63 23
21 88
94 28
21 98
29 33
75 24
100 46
32 57
78 75
68 88
97 13
62 24
45 69
11 15
21 4
63 89
91 63
38 7
62 65
7 32
61 3
11 71
95 12
87 2
64 72
38 61
7 73
28 94
43 21
51 4
5 12
50 28
63 47
87 65
77 46
7 9
46 14
54 3
6 26
81 58
10 31
47 58
16 98
57 27
50 13
57 3
74 85
64 1
69 67
93 86
82 78
47 18
37 62
63 95
95 21
5 95
76 41
58 4
91 76
96 76
22 10
45 11
35 82
40 46
55 6
41 35
39 85
64 100
82 49
61 4
55 100
55 2
63 83
89 93
88 68
88 53
64 98
58 88
49 26
73 26
46 73
74 21
37 31
92 14
92 32
19 48
62 36
57 12
22 35
1 63
56 76
78 77
67 81
13 70
27 90
63 42
11 61
23 50
60 42
35 95
66 32
41 23
39 89
38 42
65 54
50 94
11 48
98 37
100 95
26 53
79 80
88 18
68 42
67 19
15 83
64 99
23 86
10 26
71 57
42 82
52 33
70 45
28 84
65 5
81 84
100 27
1 100
11 2
71 54
70 24
73 18
76 66
2 74
82 85
43 19
99 50
66 21
58 55
49 61
12 63
1 61
37 11
39 18
76 97
51 1
65 27
63 10
34 30
18 90
61 100
12 76
100 56
70 83
81 56
6 2
20 27
37 82
40 23
21 58
76 49
21 61
39 44
33 73
41 60
19 26
48 65
90 5
43 49
76 87
83 35
90 95
5 26
78 15
22 68
74 94
16 61
77 41
76 85
14 35
40 60
28 75
41 21
76 76
10 62
13 41
27 50
55 38
35 50
79 66
19 20
50 2
19 71
2 48
33 74
99 44
27 26
52 10
61 14
48 21
30 42
28 29
72 31
14 3
25 90
83 23
72 55
46 81
28 86
44 74
69 98
18 12
59 71
93 54
25 94
92 13
2 13
12 83
13 56
82 36
75 49
35 28
20 99
64 77
11 66
84 25
45 9
56 48
29 24
16 14
23 62
48 76
97 37
70 37
98 88
47 24
91 27
28 87
5 15
68 19
37 20
88 5
76 33
31 25
70 9
20 61
96 72
75 37
60 48
47 51
58 15
1 14
3 3
76 78
93 19
17 80
57 98
35 41
49 19
23 56
5 7
20 47
78 26
92 40
33 23
51 5
1 2
86 30
84 10
12 87
24 85
54 73
9 41
16 79
48 24
34 15
34 43
51 23
86 58
36 93
80 52
28 31
37 69
83 58
85 48
57 92
62 11
5 34
95 32
25 27
28 48
13 48
32 12
34 40
74 72
7 30
99 69
5 55
97 16
10 77
82 83
56 21
51 68
35 87
58 19
82 46
3 68
11 51
93 60
94 55
80 69
62 10
8 61
36 2
28 34
42 17
84 85
49 47
56 24
55 69
34 64
65 55
97 3
61 37
49 33
12 41
79 12
46 79
81 93
16 70
36 62
15 74
77 63
78 52
50 59
27 30
75 15
85 93
42 95
62 58
35 16
71 67
10 8
36 4
26 33
59 75
92 74
24 86
96 52
11 6
66 76
13 88
73 87
5 40
43 37
100 63
68 83
30 57
31 47
25 100
52 43
100 5
2 64
12 30
85 1
16 54
78 92
18 97
17 91
95 27
8 99
21 33
37 86
37 65
13 78
76 63
91 40
5 33
37 71
58 25
60 57
82 8
3 57
66 67
81 70
37 3
42 76
37 99
25 66
24 95
20 37
26 63
65 74
44 33
26 9
63 70
13 15
40 62
33 87
21 16
20 70
67 43
45 20
59 3
82 16
7 74
74 9
26 96
86 54
73 34
34 4
34 24
56 3
9 60
11 5
69 31
31 10
56 28
94 78
51 92
66 58
95 84
91 67
73 52
84 93
77 38
70 21
33 13
71 41
39 36
99 20
42 61
91 100
8 24
33 39
30 96
49 21
36 8
96 68
91 52
45 85
97 18
59 98
21 35
55 73
41 70
11 93
24 89
98 96
83 91
81 92
69 89
13 50
62 13
10 55
98 6
98 62
4 79
42 49
99 21
4 81
51 85
16 8
48 80
19 32
48 4
23 51
77 57
70 10
51 53
24 39
52 24
97 40
24 23
61 72
11 75
39 92
62 20
42 60
92 66
54 12
39 70
82 20
32 54
53 57
20 4
50 32
76 84
38 78
27 52
13 25
82 19
44 14
93 44
24 66
41 82
52 82
40 17
89 56
99 23
36 85
67 21
10 21
49 41
90 86
44 51
3 80
96 10
94 35
20 33
100 74
68 60
55 21
86 82
40 35
97 24
7 7
89 74
37 87
91 94
52 77
90 60
72 21
84 40
44 68
40 52
90 84
97 36
82 86
91 65
20 32
57 2
78 30
42 44
68 63
29 72
4 17
62 29
51 60
78 25
27 37
21 5
2 69
3 87
85 90
30 100
40 40
89 43
43 10
57 49
72 76
65 22
7 65
4 89
89 36
42 98
65 70
42 91
90 68
66 88
79 51
25 95
14 38
13 16
69 15
24 76
53 89
35 2
96 93
85 50
44 56
29 46
83 37
58 28
28 14
97 82
100 33
13 8
88 1
88 6
76 77
98 90
46 38
22 94
60 95
19 35
45 80
79 35
35 29
30 12
88 31
16 12
43 52
11 14
45 87
21 47
46 27
34 32
77 45
7 45
37 93
87 67
23 63
47 11
6 93
52 53
27 1
93 39
36 9
31 73
98 8
74 63
55 41
64 44
75 61
60 62
68 80
45 93
84 37
30 86
80 86
68 36
45 86
60 2
47 91
3 21
58 76
2 39
1 84
27 7
57 76
65 47
96 62
41 11
1 42
97 99
19 38
64 95
86 24
4 66
19 68
80 13
71 70
49 90
24 42
21 52
6 62
11 100
63 82
62 98
2 68
48 41
24 18
22 76
74 88
55 30
73 25
11 55
51 65
64 75
27 88
80 48
3 35
35 89
25 63
17 85
11 46
40 66
46 63
60 69
15 20
45 66
68 53
7 2
22 33
76 32
64 76
53 95
20 7
47 99
28 17
12 20
95 91
71 20
47 66
40 48
82 45
56 1
43 99
12 66
32 14
56 14
2 56
69 78
75 9
8 23
80 92
43 28
77 47
70 50
74 22
20 19
46 12
92 61
39 25
62 50
79 2
25 67
38 67
44 95
26 31
50 5
92 70
41 97
30 65
100 31
49 27
75 1
87 30
39 50
35 53
22 91
71 2
42 36
83 72
64 45
24 57
43 36
71 9
82 92
44 76
29 55
100 76
80 94
13 2
5 14
3 86
41 17
30 28
87 63
49 35
18 37
35 67
20 46
13 47
72 23
96 69
39 32
41 39
28 66
42 46
60 10
55 19
9 64
27 40
73 61
95 75
51 19
71 34
2 76
95 76
88 82
18 78
67 84
54 95
63 98
46 47
90 81
41 63
77 69
41 79
15 58
73 49
6 83
79 58
63 78
15 16
73 14
76 23
86 98
52 2
32 6
88 98
30 79
11 60
44 27
55 18
95 58
63 3
63 92
8 15
26 88
91 16
26 95
80 38
7 76
93 38
56 100
82 22
37 88
23 10
92 36
10 63
27 57
46 29
59 41
36 16
33 1
46 80
59 9
100 52
14 14
7 6
1 5
44 62
55 80
54 38
37 94
73 65
98 24
36 24
60 65
18 15
35 76
16 92
57 10
76 98
61 43
22 44
68 76
73 21
7 54
31 92
41 25
53 48
59 31
45 17
43 66
13 82
47 28
80 68
8 56
73 53
89 1
74 37
94 1
55 1
47 22
30 8
36 3
82 3
11 21
3 25
99 46
29 64
63 11
13 95
26 90
54 33
100 21
88 89
66 89
29 87
87 44
59 8
47 17
62 63
61 2
73 46
22 57
88 90
41 31
83 67
4 12
95 96
86 10
18 11
40 34
62 23
80 26
57 53
72 99
18 70
37 13
47 32
66 72
60 73
14 86
20 85
29 3
61 98
84 14
36 100
7 43
33 97
45 71
99 9
96 40
38 4
44 47
95 63
63 28
60 58
68 9
11 82
15 48
63 75
57 15
40 1
76 17
97 76
48 36
100 17
50 30
15 50
86 9
84 30
56 70
93 22
2 59
94 25
8 5
41 7
66 43
27 18
61 9
24 59
3 58
14 12
22 23
90 54
88 15
54 94
79 52
60 1
52 100
62 69
20 21
93 30
46 52
69 32
62 2
42 85
79 59
77 53
56 94
37 78
96 96
17 97
26 75
100 8
85 46
81 55
81 13
14 96
97 20
94 57
6 49
41 56
8 10
57 41
64 65
69 100
32 67
88 12
17 38
9 77
91 68
61 71
20 38
92 27
26 100
4 71
94 70
58 62
29 60
3 71
83 54
58 1
39 49
91 80
91 83
8 39
46 33
18 87
92 68
68 75
13 1
61 6
18 96
97 84
22 25
48 46
81 53
78 4
91 85
8 48
23 66
78 53
1 9
60 53
36 64
42 72
80 43
93 5
85 77
35 55
52 86
38 17
62 100
36 39
19 28
8 100
14 80
57 89
62 8
65 51
90 3
91 30
47 72
96 84
96 37
5 3
87 47
23 73
43 16
46 71
5 52
88 78
75 2
17 49
33 78
18 18
81 100
7 71
31 97
8 70
28 92
30 1
48 45
96 66
79 62
56 33
4 100
98 1
57 80
8 88
98 32
56 34
25 46
39 8
45 56
5 8
61 34
11 35
59 13
61 64
84 86
10 91
45 95
37 33
66 41
29 15
32 25
97 90
25 37
71 31
89 38
33 18
62 83
64 7
3 95
37 29
59 82
44 26
28 13
80 29
34 75
27 75
72 97
16 87
52 28
80 24
17 6
72 68
9 78
21 70
95 65
57 71
90 70
19 18
48 10
88 56
43 96
60 32
57 17
70 64
15 22
64 90
3 73
53 2
68 77
55 60
5 27
83 25
42 16
8 29
31 68
73 80
68 57
70 96
18 35
65 14
96 98
83 100
39 33
31 51
82 70
1 98
68 44
83 87
10 45
65 65
89 26
22 63
19 3
7 88
61 84
84 100
78 32
57 52
95 52
37 47
13 90
44 87
33 2
9 45
5 61
81 4
6 70
59 97
99 39
29 59
38 24
93 37
13 40
29 45
1 66
89 17
32 98
65 78
94 29
77 10
13 43
41 6
84 89
91 61
70 51
37 92
10 32
11 44
41 87
5 58
25 50
79 33
62 39
23 59
27 53
11 85
14 40
17 95
35 77
34 25
89 34
87 68
92 78
42 41
62 56
67 55
75 69
52 14
87 56
84 57
91 53
53 85
97 47
59 93
77 35
82 68
63 27
3 42
30 39
40 57
61 52
84 24
72 24
33 48
42 39
97 62
74 1
23 97
62 67
65 60
8 20
4 14
10 79
72 33
6 43
16 33
59 51
62 60
98 84
88 11
21 79
45 91
43 95
15 34
94 76
25 51
11 32
25 33
86 13
42 31
77 22
27 61
61 1
15 69
6 71
75 84
23 32
87 100
39 60
75 81
52 42
9 58
57 84
50 81
53 18
35 86
40 84
80 46
56 16
12 91
45 12
19 96
97 1
53 96
75 42
27 33
68 89
100 71
26 10
62 91
50 56
53 51
28 43
16 81
60 18
26 86
54 88
45 57
93 72
50 33
42 65
12 47
91 75
61 87
85 65
77 67
74 30
45 98
28 64
10 27
43 64
56 27
37 53
44 63
39 76
17 77
64 28
58 83
60 24
2 89
14 62
46 72
96 41
69 16
41 27
58 99
76 95
48 93
55 15
23 28
93 32
96 65
3 54
76 64
52 99
26 99
21 15
49 38
76 59
67 25
72 94
62 46
43 51
75 54
78 89
72 48
12 24
36 99
51 3
8 64
8 12
17 84
63 52
6 75
75 34
33 34
13 34
7 18
4 39
10 25
71 13
57 59
36 12
81 16
47 20
37 50
42 3
46 10
30 93
75 25
66 3
3 64
58 32
20 2
67 82
21 34
79 13
8 1
11 33
17 13
62 27
53 12
79 64
94 63
77 89
40 99
52 40
69 82
69 5
84 16
19 85
62 57
78 73
11 24
41 42
7 56
86 61
82 54
86 40
32 2
70 99
45 3
11 8
38 29
91 22
91 56
71 47
60 96
76 71
48 72
54 66
47 68
31 44
46 83
71 50
96 36
100 94
81 37
67 72
33 35
69 10
9 97
1 30
9 36
55 52
85 37
10 93
1 12
61 70
67 76
18 21
6 35
94 87
57 75
67 65
77 62
87 82
96 31
23 4
83 13
81 68
20 83
5 88
26 42
20 50
78 39
2 72
62 96
41 32
89 62
29 16
89 5
81 1
16 34
1 8
70 81
5 29
95 99
35 68
73 78
80 12
13 76
78 56
40 13
85 32
80 67
43 33
78 46
57 93
64 4
98 72
78 69
82 59
16 15
23 60
6 65
88 23
27 79
28 71
58 78
3 14
19 6
32 51
84 96
94 27
81 35
35 7
23 98
4 72
26 43
79 71
39 77
32 42
88 48
79 70
92 48
19 74
67 75
99 73
83 8
81 5
50 15
60 90
38 2
46 23
44 55
70 8
44 64
23 58
17 100
42 78
7 95
68 45
20 28
43 23
82 44
77 36
48 28
39 13
29 47
17 78
45 68
27 28
46 26
97 19
70 82
77 70
44 65
93 53
95 37
81 6
32 17
38 82
60 22
91 70
100 84
86 81
43 60
49 72
9 9
34 42
93 14
5 66
98 65
58 95
86 94
52 97
41 64
49 25
9 56
68 97
70 4
88 43
10 44
7 78
9 61
57 18
92 82
16 89
91 92
70 11
97 14
70 22
58 48
7 62
1 54
49 71
99 5
60 14
69 14
77 79
93 18
79 43
76 69
60 55
73 96
12 99
99 25
20 73
15 71
99 70
92 96
3 50
17 44
2 85
18 85
57 86
93 83
43 75
3 78
39 27
65 34
33 62
32 62
56 85
80 72
59 48
68 20
77 32
8 77
36 35
52 74
50 40
5 13
36 32
91 72
56 32
40 36
92 19
72 8
94 18
64 3
56 84
30 95
94 19
92 52
26 27
61 96
63 8
22 38
58 10
25 82
96 16
72 15
77 5
52 23
3 99
79 85
78 83
74 43
19 5
57 45
78 57
70 94
56 90
58 61
10 9
44 71
75 97
49 73
34 57
30 99
48 6
20 30
85 80
80 19
99 28
28 99
41 37
94 46
10 59
37 60
31 56
32 8
3 77
19 1
35 62
46 99
92 77
36 55
24 56
96 44
24 35
21 11
81 32
78 23
89 55
1 41
6 79
20 43
33 79
31 17
3 69
61 73
41 34
74 55
6 50
27 77
65 44
35 83
71 74
71 44
67 41
53 72
68 43
6 92
1 73
74 38
63 5
97 9
50 9
98 95
50 92
86 64
72 96
14 56
93 96
41 47
75 92
52 55
22 51
86 7
92 1
47 38
26 66
74 35
10 40
13 75
53 66
65 72
68 33
40 3
62 52
48 89
45 40
29 10
69 64
34 8
9 67
20 15
92 15
21 21
95 49
31 75
2 26
79 73
20 51
29 88
52 32
9 82
60 4
30 74
90 88
82 31
93 10
58 89
19 44
16 41
96 61
18 14
67 22
49 3
85 70
69 88
60 13
17 45
52 17
42 53
35 71
89 51
88 40
25 26
13 28
97 60
40 85
93 50
25 60
41 88
39 84
9 92
58 11
52 7
20 96
39 5
6 4
34 18
62 37
65 15
38 49
44 31
81 45
23 74
34 99
12 70
71 42
12 65
22 2
77 95
61 58
29 25
74 46
33 40
84 21
