1000 40000000
68593269 48257
96623788 65555
41334182 14039
57655839 58282
56273431 36134
66557920 68871
73076603 79400
14467486 86342
14467486 9943
95663031 99626
63594657 13821
99805400 89685
96075210 97742
42579344 16729
57334719 25543
37223011 56079
46150842 95593
24505912 7897
79361045 84830
87808020 73288
43284910 57903
79361045 48149
43634644 93816
46150842 93525
18246544 55029
32669451 42538
54055737 81294
74610710 41245
50101545 41886
36597378 37837
74610710 41658
30613128 39156
55884085 84307
41334182 8111
49371339 1209
35221510 59006
99616083 60572
47906700 10006
68211090 93430
41601055 44573
34301734 42836
56876974 27003
99471327 83270
20841028 62628
68593269 19267
15094490 36034
92830136 21037
47906700 24541
57334719 20730
97186562 26319
16014682 24422
97186562 43068
50101545 71553
59954011 1313
34301734 88719
12266457 29271
77764541 23526
66557920 51149
12536321 89348
96415500 7065
93002925 25479
67129287 6225
79361045 61073
79634432 24079
30748702 85559
85680311 84440
35802856 28569
47713203 8715
55884085 27223
21056380 5915
99471327 59472
67139478 21619
20841028 9670
79361045 59070
31338123 66216
83774529 8555
56430006 46646
99346722 1748
62937759 51190
60557008 36206
23912958 99167
93002925 76309
54055737 35414
92830136 4289
64156181 45716
82274306 94584
39913527 45051
21056380 91383
63866786 81944
43568725 10534
82274306 67101
88441728 75698
43634644 19449
99172628 19114
37754857 86964
73076603 39965
17016714 70198
79361045 40607
47906700 57963
96415500 48045
14172199 44942
35802856 35928
46150842 87428
41334182 3988
43692792 2552
31638580 1613
31338123 68009
18246544 34908
17016714 58524
98338332 26596
92830136 13584
99346722 15285
19062554 18972
50266636 88444
49371339 62951
79536471 54414
68593269 7272
62844310 2477
77681100 8805
99051244 73456
44168005 96183
63866786 87628
87808020 82366
24505912 42898
52482177 7088
78526794 51115
10227818 28415
97105065 88366
95135161 22976
19062554 31916
63471608 83503
14641235 52559
12536321 56744
99805400 62119
10227818 72134
99616083 93117
79361045 87090
30748702 47045
37223011 92599
31490347 40724
77876311 60677
99109271 82659
97105065 90092
50881954 45926
31490347 44392
88441728 21224
62937759 68709
47906700 8221
57093093 70352
36948544 91064
45691569 82017
77764541 40793
62844310 41586
62844310 41620
22673139 30061
64231703 60839
32036686 63033
68697535 65083
89938595 13800
56415508 36216
99346722 48646
95135161 47121
66557920 23110
97687433 49480
60094734 66684
89938595 48933
31490347 39552
56937644 82263
95783858 95124
77681100 37549
99051244 36099
56937644 79215
42579344 70393
23912958 14218
72750735 83269
17016714 8037
36948544 86710
17050936 81388
29839756 69646
88441728 69675
39228529 87703
41601055 83886
19062554 54497
98338332 60289
21056380 42512
12536321 79920
54751996 57822
23838743 89695
69438472 90059
99346722 45931
52279570 63925
16014682 35081
10917575 22918
87808020 61801
79361045 20819
17016714 26737
17050936 41639
66800428 60807
77681100 96349
23838743 47498
30748702 73814
64208694 52379
31338123 38452
46094877 64327
76812332 4707
23912958 59583
15094490 61603
85428718 58207
83930672 80946
36948544 27990
24505912 75901
55884085 24923
20841028 74873
35802856 46619
21056380 21549
80702218 97025
19062554 26582
23838743 57896
50266636 81380
21056380 77943
62686308 67740
23912958 57696
77764541 1937
34027894 38112
99471327 82129
31638580 48105
87057881 65219
50881954 25358
23912958 71322
21056380 40885
64790225 49571
94420049 25922
39913527 55421
22673139 5555
59580518 22272
63866786 65239
79361045 48204
47713203 67843
52482177 77903
41601055 27613
67129287 9951
57334719 98351
77764541 82412
60713616 53117
92285332 29727
97687433 78993
94420049 24628
12536321 79847
54751996 18252
12536321 3254
23838743 43087
66930996 61847
43939667 50989
46150842 21412
87057881 4774
50881954 98277
70600198 68541
74610710 60620
33630241 72784
56876974 88490
50266636 99759
43634644 79872
47906700 18436
50772859 47318
80234306 43937
37223011 54607
70888599 18726
95135161 77127
92285332 53939
36948544 2565
40469391 83075
66800428 47820
88441728 98702
47713203 86282
43692792 91990
91176632 21331
23838743 30134
18945411 27613
62937759 41240
31490347 14355
15094490 66907
74610710 17566
50101545 43127
60094734 88544
12536321 7825
57093093 93156
10917575 22361
99471327 50890
12536321 1051
43568725 66427
74610710 27976
18945411 49526
54751996 85554
66557920 37672
57093093 80219
57655839 77153
24505912 44809
43939667 37724
57093093 39675
39467280 47887
95783858 61335
20841028 64478
77681100 47453
58361423 6484
19233370 67806
70600198 34605
79634432 60234
45691569 42677
99346722 29837
17016714 76529
54055737 85327
99346722 29810
26754779 29759
31490347 82003
56430006 85104
69873422 90527
55884085 6672
69438472 23346
54751996 6891
71428217 9412
47713203 51645
98529036 81442
56937644 70363
46094877 83290
71428217 9278
10917575 7603
14641235 6630
62844310 82896
56876974 65873
66800428 15807
99346722 61497
58361423 14382
99109271 25506
17016714 41500
64208694 48022
99471327 27789
18945411 58201
87808020 73217
74610710 78167
32036686 66773
63471608 77173
92830136 80378
51146193 15998
68211090 24819
85428718 36312
12536321 49270
43568725 90770
98338332 34642
43634644 67413
74610710 42167
62471844 58704
68697535 4723
18246544 85644
71428217 79307
68593269 26749
14467486 99099
80234306 67918
47906700 36304
32669451 53136
98529036 4429
66930996 17649
95135161 41064
39467280 46700
70888599 11341
19597468 71122
51146193 71426
18945411 24337
80234306 22171
91723627 25646
63594657 39628
97687433 60798
10917575 69791
62844310 85480
71428217 90582
74426145 77552
21056380 64994
46150842 88443
69873422 90396
76812332 34195
99471327 84773
52279570 86444
99051244 10748
23912958 55491
89938595 51820
87808020 85394
46094877 50874
99172628 27983
19233370 85442
22673139 22973
74426145 23559
78711246 80937
62471844 38680
79536471 98670
36948544 51436
64231703 57475
16014682 57921
88441728 94363
12536321 70423
99172628 58600
14172199 82116
23432822 58304
50881954 30069
16014682 10280
23432822 75105
60557008 29250
82274306 38849
54055737 68129
69438472 45066
76221307 87199
97687433 73497
57655839 19494
34301734 10775
57655839 50093
95783858 19956
12536321 98668
92285332 68513
66557920 32837
99471327 63717
74610710 26675
45691569 81644
56273431 12198
69873422 93760
55884085 95153
64156181 76622
69873422 63201
62471844 23112
68593269 16877
29266323 24599
97687433 52458
79536471 92108
88441728 80798
82274306 6727
41601055 74736
76812332 23611
97105065 20020
46094877 8378
62844310 3789
28610942 55122
85680311 83797
94420049 3073
28610942 91833
36597378 46351
95663031 24740
95135161 49113
93002925 88515
63288461 99445
18246544 25239
55884085 44686
10227818 2382
23912958 33215
77876311 19828
21056380 21307
87808020 81896
54331136 95157
51146193 24536
39467280 47121
62471844 5166
12440797 95167
39913527 19023
62937759 8668
12536321 85264
63594657 77054
68593269 58766
54751996 25396
43634644 23116
15094490 78740
48912596 29237
64156181 43568
43634644 61285
10917575 80189
10917575 43737
88441728 8817
15159270 53620
62844310 8541
24505912 56223
39228529 73858
36948544 92884
17016714 96605
62844310 71124
77764541 54741
73908953 26288
51105670 25035
43939667 3335
23432822 5532
68593269 46961
77681100 89430
69873422 90630
70600198 26509
43692792 61144
34027894 5383
60713616 26467
33630241 19984
14467486 82425
28610942 22855
68593269 34212
72352492 34905
29266323 68239
31638580 28411
69438472 61257
54331136 88496
56876974 44070
74426145 18775
41601055 10051
69438472 81811
33630241 22344
68697535 3631
57334719 89967
63594657 74283
68697535 68657
97105065 38741
82274306 84022
97655369 25603
32669451 90135
80234306 54242
68593269 76480
99346722 53146
55884085 72939
71428217 59013
43448414 24232
76221307 14745
49371339 16497
78711246 30000
41334182 39928
43448414 24553
91723627 8530
68593269 61117
79536471 76495
34027894 19593
45691569 34236
97186562 35323
60094734 63251
34027894 52857
52279570 15042
67139478 32905
55884085 38540
40469391 37196
64208694 97945
43947666 43858
69438472 65899
55884085 41204
97655369 83973
44168005 52816
95783858 38561
14099057 81543
58023432 86837
24505912 68082
22673139 50479
50101545 24783
15159270 73110
85680311 10809
56273431 49312
68697535 68766
80234306 61647
19597468 52232
50101545 88265
45691569 5748
40469391 17802
95663031 71445
98529036 73619
64532795 46981
64231703 26374
31490347 54889
77681100 4874
17050936 39679
79536471 70703
19233370 44721
30748702 90632
99616083 97345
41334182 20216
63471608 21132
62844310 44114
66557920 12097
43692792 63536
57093093 36931
52279570 3785
45691569 95186
43448414 62861
95135161 37113
60094734 55142
21056380 73619
66930996 5733
52279570 4607
24505912 58730
95135161 35928
66930996 54324
98338332 17945
40469391 79013
43448414 18251
26030236 68830
64231703 62331
58023432 44511
14172199 82090
80702218 48542
65450973 72528
74610710 9654
76812332 56069
52482177 84879
54751996 52780
16014682 42146
19062554 47461
63594657 27330
89938595 21423
32036686 75791
10227818 72516
77764541 80426
54751996 12396
65450973 47397
43634644 10213
66800428 31120
72702056 99734
96415500 59905
71428217 36262
60557008 88978
43568725 89017
15094490 30057
64156181 47960
36948544 20702
66557920 5926
65438428 94863
98338332 85836
66800428 80371
64208694 93387
64208694 81938
66557920 67844
57655839 45984
50881954 67824
72352492 53809
57093093 69375
14099057 16633
14641235 84005
99346722 95386
35221510 20702
43947666 34366
63866786 90168
20841028 16802
56937644 34333
94420049 98012
65438428 98299
17016714 16005
22673139 41314
32036686 61018
34301734 45448
32036686 93299
18246544 87638
66800428 21920
59580518 39323
59580518 76900
69873422 30020
50772859 73756
54331136 91147
26754779 87786
30613128 78688
96623788 33622
68593269 47733
52482177 34066
45691569 39798
73908953 4409
70888599 83690
14099057 32525
10227818 53285
56876974 94379
51146193 89794
57655839 60626
82477490 82903
85680311 55422
99109271 62796
30748702 2165
55884085 30962
87808020 10496
65438428 1244
91723627 98276
76812332 69423
43284910 74044
21056380 84641
98635813 98440
98635813 20476
57093093 94148
56273431 33595
85428718 12343
31338123 74720
89938595 43207
99616083 35079
57093093 66955
51146193 45818
78526794 12057
72750735 38865
95783858 94182
72702056 81199
52482177 20910
43939667 14834
85428718 94778
29266323 80133
17016714 24877
50101545 65895
17016714 51139
97655369 72970
83774529 28960
47906700 83478
14641235 22172
14467486 20645
98635813 36730
58023432 66104
39467280 75889
35221510 4856
99471327 51701
76221307 18051
87808020 4765
82477490 63081
60713616 64979
57093093 5829
62471844 8547
55884085 71338
76812332 70545
70888599 82277
91828228 18273
83930672 32167
43939667 1919
20841028 98246
29839756 57519
63471608 6408
91176632 44889
32036686 18587
50772859 6979
55884085 15110
78711246 68441
70888599 87491
57093093 84356
96075210 4399
46150842 58999
43634644 42292
43634644 45639
21056380 5416
59954011 46576
98338332 32245
31338123 9624
10227818 34414
74610710 18889
45691569 83067
60713616 22161
56430006 98429
15159270 20962
42579344 99288
91828228 63181
99172628 29506
74426145 93285
54331136 58833
79536471 70682
87057881 51916
12440797 94280
69438472 68591
56415508 46522
63471608 55764
56937644 8896
66930996 51677
71428217 28449
99805400 64292
50101545 39252
97655369 23180
43947666 30608
58023432 29430
79634432 58798
50772859 3508
97186562 85471
64532795 17204
14467486 55932
14172199 55760
54055737 39960
65438428 50039
99616083 21473
49371339 6403
10227818 22286
18246544 33016
66800428 77302
92285332 24727
92285332 76966
26754779 47235
59954011 2872
60557008 51262
36948544 16253
50101545 8872
74610710 17245
15159270 84877
20841028 60021
41334182 36819
45691569 18907
52279570 19761
39913527 86896
50101545 31576
80702218 57106
62937759 17323
82274306 30064
34301734 60023
56415508 45829
56273431 63962
35802856 65836
54055737 90843
65450973 4186
14467486 94901
20841028 51028
68593269 77209
63866786 71335
99109271 62919
63288461 78852
26030236 8136
23432822 59745
41334182 46838
41334182 3509
94420049 13309
39913527 85226
80234306 59533
56415508 48823
68697535 79211
46094877 37424
79634432 7614
41334182 9492
39228529 86844
23838743 14404
97655369 57450
82477490 13014
12266457 71943
87808020 32081
93821974 33104
48912596 13263
43692792 99827
32036686 59243
98338332 63598
79361045 58534
67129287 99138
79361045 65598
98635813 33624
96415500 34243
65450973 73235
96075210 21933
79361045 83464
98529036 74011
21056380 40953
66800428 51188
63594657 3754
83774529 83060
92285332 34906
19597468 33863
26030236 55856
97105065 6528
77764541 65495
31338123 87056
64156181 66389
37754857 75731
91828228 28336
45691569 97718
74610710 69866
77764541 29428
93821974 5967
82274306 51620
83930672 22076
99346722 49446
62937759 58976
17050936 6227
18945411 99963
64790225 73826
72352492 53918
95663031 74422
50772859 36065
55884085 50785
64532795 65372
64208694 16267
95783858 85410
52482177 43686
64532795 96147
56876974 12378
42579344 17986
77681100 15254
62686308 9171
18945411 65512
72702056 91305
96623788 54970
95135161 46159
43568725 45629
57655839 76451
79361045 33975
87808020 36521
65438428 3954
18660457 89150
97687433 34953
69873422 24195
54331136 54014
87808020 42319
56430006 40447
83930672 33024
10227818 45791
91723627 96704
63866786 1533
19233370 19428
95783858 36347
99109271 80375
31638580 62888
14641235 3118
91176632 62120
77764541 37981
40469391 14934
49371339 33020
43568725 75318
30748702 24870
82477490 42174
91828228 75820
80234306 51947
26754779 47887
64156181 73679
99471327 6231
19062554 91042
12266457 68947
39913527 77579
57093093 39928
88441728 1622
23912958 98920
39228529 50709
31338123 14605
62937759 19483
31490347 57919
21056380 32608
14467486 46834
72750735 35400
78526794 9460
99346722 80252
64790225 77733
39228529 11800
99172628 49063
56876974 95411
24505912 47638
65450973 29547
26754779 58591
99109271 32961
77681100 92690
57655839 24767
91828228 56076
21056380 29779
56876974 20738
73908953 76974
99051244 92089
16014682 23712
66557920 57968
77876311 97816
46094877 65823
68697535 66407
54331136 6883
56430006 41648
23432822 13453
96415500 84216
95135161 84727
99346722 17148
72352492 45318
76812332 36447
62686308 46071
74610710 33009
57093093 92011
41334182 80577
85680311 17703
97105065 60205
77681100 78752
12440797 33963
39467280 14970
26754779 8056
63594657 31188
64208694 65470
70600198 71082
98529036 42403
47713203 59825
46094877 81124
76221307 71696
12536321 21565
35802856 84172
43939667 1101
97186562 85701
51146193 35756
69438472 93124
98635813 64161
24505912 87724
20280615 82053
88441728 30902
63288461 40139
19233370 89734
62686308 27113
94420049 57283
52279570 28604
37754857 93434
97105065 27627
66557920 88507
99616083 4747
16014682 34486
76812332 56869
77764541 38542
29266323 83281
24505912 54727
51105670 21785
63866786 23971
97105065 7325
76221307 33487
57093093 79671
76812332 95225
20280615 91821
76221307 99397
