200000 10000
913 866
430 755
524 728
312 729
745 807
199 385
614 518
571 384
105 969
536 162
843 256
387 40
629 92
181 631
390 449
548 759
45 226
792 528
768 853
454 427
960 862
510 175
405 458
843 68
830 24
475 283
966 880
532 177
759 689
466 207
195 196
170 40
114 240
371 548
678 331
434 470
683 955
441 160
126 363
466 987
908 49
265 98
183 33
201 452
177 617
636 236
194 493
428 747
169 661
457 502
255 846
839 84
544 574
375 169
380 251
517 121
266 329
202 862
211 436
782 96
674 830
609 356
609 190
544 851
581 27
242 635
489 595
969 795
688 875
739 594
136 41
394 76
942 940
894 451
748 885
999 519
147 912
273 344
771 625
193 789
739 11
193 281
138 940
98 17
121 675
122 214
718 226
866 929
145 777
777 75
110 103
404 294
925 444
450 754
468 165
454 667
339 248
816 738
950 420
307 828
131 952
364 540
231 953
405 398
352 119
981 356
866 624
972 808
938 152
769 511
983 379
556 693
116 588
450 639
710 150
652 286
829 853
833 602
543 480
395 602
71 415
569 129
530 396
520 587
173 113
846 841
697 447
475 169
899 60
994 71
337 617
864 110
904 566
108 238
722 137
594 912
455 372
147 392
745 235
996 279
42 452
778 383
113 100
536 423
968 836
133 448
586 173
93 202
596 488
370 921
656 871
194 512
612 303
530 64
516 991
480 864
11 914
494 854
129 693
144 438
275 481
657 19
291 56
769 274
119 493
452 184
285 713
68 307
646 415
559 389
691 510
204 253
643 358
721 303
50 124
694 693
957 915
383 740
789 58
464 160
11 466
634 784
657 379
474 707
184 818
199 159
112 780
498 827
869 812
433 468
178 730
795 883
194 491
19 627
897 654
303 805
205 47
958 604
273 646
90 694
309 970
707 539
974 816
661 406
840 617
112 738
985 445
36 424
463 839
634 488
660 631
267 301
637 802
226 420
567 368
224 497
937 541
643 383
632 74
706 822
404 588
442 708
838 362
180 831
29 909
431 955
887 554
687 866
237 959
577 394
691 966
59 36
300 853
267 120
989 564
997 391
795 244
12 916
766 288
617 134
13 918
449 871
65 887
262 206
515 41
56 516
849 200
491 620
589 421
648 606
134 182
34 95
410 229
731 366
954 383
973 845
772 587
534 677
309 20
917 976
45 478
89 694
93 593
117 459
249 236
806 659
616 261
78 116
864 260
84 326
835 607
175 943
163 364
219 980
414 755
379 524
20 651
925 733
722 12
781 48
174 228
332 925
593 986
218 331
982 632
803 45
277 744
823 400
486 524
526 165
173 307
343 200
757 83
906 717
187 225
116 848
505 17
471 330
920 183
379 745
93 613
761 574
976 201
631 717
438 889
574 73
990 532
227 646
34 888
470 951
134 112
865 622
47 177
505 505
534 983
335 567
293 984
567 335
580 658
834 576
482 758
465 943
435 203
754 215
734 972
371 714
593 859
684 330
460 140
224 91
330 214
118 993
722 214
29 241
870 327
812 417
912 595
323 569
64 475
763 577
21 324
231 314
118 660
139 423
914 769
921 264
526 750
792 601
1000 973
338 833
391 944
604 985
864 763
59 293
429 595
938 515
828 260
608 685
294 137
380 143
65 724
144 953
776 909
745 84
662 734
923 886
141 991
859 964
119 667
455 605
194 509
603 160
563 559
941 233
166 722
778 366
221 700
947 335
723 63
930 11
994 155
474 297
11 730
25 771
133 452
30 581
736 929
286 137
733 986
268 483
166 903
829 179
979 766
455 908
909 227
101 934
508 64
420 194
645 828
19 257
856 920
853 197
602 421
485 308
413 962
602 340
256 550
516 431
224 856
93 784
163 919
125 321
227 111
858 686
927 172
127 642
138 22
360 313
530 100
674 572
60 260
367 375
940 374
350 611
461 837
530 103
711 949
596 301
680 46
246 966
180 29
283 207
193 201
386 75
353 544
267 671
173 867
87 618
205 293
404 622
37 290
887 828
804 452
680 914
540 954
798 799
869 561
759 736
714 214
429 944
58 24
887 459
412 672
927 929
640 105
673 758
207 518
849 399
134 462
49 874
265 393
397 218
796 344
693 398
972 335
682 190
81 520
870 245
757 178
710 254
619 53
566 501
194 471
427 900
180 342
301 947
629 175
939 174
630 92
315 523
976 330
611 766
536 459
56 614
932 969
372 766
905 449
423 976
438 703
665 885
933 798
369 883
472 718
56 308
948 646
423 105
499 368
130 220
176 957
887 727
353 254
878 705
368 535
282 826
897 364
279 328
510 136
405 458
632 357
800 193
791 234
370 710
224 531
413 15
312 221
43 208
696 698
134 10
139 379
611 744
163 129
147 314
793 748
322 81
861 382
925 467
574 655
785 860
836 349
911 129
572 612
752 882
236 624
785 388
671 174
889 53
139 288
499 368
731 552
694 74
14 474
109 721
92 732
864 214
716 863
614 396
181 313
653 147
425 177
973 910
816 70
601 361
476 76
539 687
834 110
221 382
189 40
319 348
506 843
176 294
987 50
583 232
642 589
292 682
315 174
443 698
212 464
901 188
724 730
533 195
241 959
854 430
835 895
685 239
681 454
619 516
740 502
774 86
824 139
868 595
616 436
100 130
511 496
539 603
729 694
335 25
971 743
452 623
82 259
502 813
635 31
387 517
765 864
709 117
22 480
296 707
925 453
493 699
323 392
228 663
924 510
350 896
277 150
859 406
579 94
688 391
70 342
802 852
201 96
253 373
649 830
176 235
262 431
277 965
310 56
228 962
105 426
302 713
532 244
158 651
854 519
428 578
812 632
66 54
740 61
760 121
304 686
394 713
58 307
775 406
630 953
453 34
988 667
913 647
997 771
341 442
263 535
224 996
955 982
845 443
360 966
311 231
104 26
696 704
135 740
337 164
805 543
436 65
177 281
68 457
433 416
303 110
87 909
145 922
941 868
676 700
636 826
913 887
257 756
946 357
626 368
104 844
810 284
33 194
443 110
456 322
436 901
778 270
964 167
521 295
166 109
925 835
543 501
922 581
501 972
220 40
48 414
938 621
136 259
739 230
959 169
78 30
633 260
420 327
671 376
701 898
440 963
913 709
262 354
896 558
640 884
576 795
612 971
784 889
238 598
26 812
926 318
300 418
894 563
716 447
496 857
953 681
946 394
42 236
766 105
528 73
992 497
679 231
171 219
950 870
471 953
140 458
142 444
865 749
651 764
147 775
840 637
702 645
158 872
210 697
301 550
965 126
293 293
57 332
334 524
955 84
878 407
444 619
240 992
895 213
449 403
372 341
341 346
98 162
10 712
52 333
608 114
90 929
772 378
54 737
939 71
679 79
287 194
400 515
677 463
26 440
499 927
370 787
859 863
846 232
716 48
997 193
156 673
631 324
547 100
305 389
490 571
338 658
21 619
566 59
437 128
461 925
426 200
107 416
728 906
698 432
615 334
923 384
170 845
42 74
624 974
265 15
222 206
815 621
881 676
864 815
935 938
776 724
840 108
689 554
468 196
127 686
771 995
607 188
499 190
490 414
845 261
352 403
185 577
165 583
493 273
993 770
165 352
743 83
876 766
755 523
121 563
159 605
543 523
52 624
271 139
767 160
166 465
401 294
935 278
10 703
393 982
546 652
91 29
802 841
20 282
865 800
536 654
439 441
526 23
267 271
125 688
443 47
627 229
173 347
105 75
395 18
319 264
392 900
179 473
115 671
915 800
811 115
700 634
525 252
922 568
857 189
88 95
607 79
785 494
300 527
660 563
532 799
794 689
848 374
720 130
156 854
676 610
298 491
170 823
615 102
173 515
964 312
156 141
843 152
68 997
702 985
905 859
339 106
14 859
660 667
33 372
444 874
104 836
109 815
350 153
302 789
231 636
524 306
16 178
648 211
228 825
970 594
652 184
728 372
103 892
164 69
936 252
707 910
476 587
552 231
352 766
617 571
629 560
893 665
464 226
321 742
989 444
92 665
757 405
502 847
459 898
873 946
657 929
951 379
663 809
92 864
578 490
899 526
252 21
10 278
813 327
963 355
476 815
540 415
763 470
67 119
428 299
969 987
43 217
26 68
42 525
558 253
415 811
157 248
422 555
27 501
63 495
794 587
154 933
753 23
150 601
508 191
333 150
709 341
278 901
804 447
192 218
534 896
471 146
951 703
385 345
382 271
614 120
244 960
272 802
484 111
227 220
906 113
423 59
188 390
363 444
12 186
548 820
364 727
87 719
627 292
611 895
354 243
306 121
948 942
295 450
686 233
892 758
234 972
300 164
605 789
615 239
460 754
455 74
91 836
677 979
934 325
74 213
592 707
295 712
180 838
759 36
719 254
621 689
584 410
543 315
445 780
280 492
92 605
979 453
100 811
929 394
294 706
464 395
790 384
450 522
142 828
85 914
876 332
135 978
752 327
316 185
325 874
179 819
968 543
338 646
18 245
44 789
392 396
22 971
273 214
316 364
998 787
919 124
520 108
311 965
238 362
811 505
644 236
225 571
198 795
330 356
128 785
292 220
1000 634
734 179
763 969
513 644
111 671
757 564
533 983
817 648
992 282
31 906
994 781
19 572
647 323
418 147
979 810
352 141
202 851
200 949
895 792
963 347
969 780
87 855
331 43
892 39
938 769
678 488
522 914
930 31
857 877
761 903
207 977
735 677
894 724
268 806
110 316
931 243
298 101
29 867
405 627
272 592
746 259
188 240
712 876
780 392
699 528
717 397
975 216
505 803
730 308
961 89
350 326
94 599
741 723
82 376
583 351
552 937
189 520
951 448
308 475
931 683
306 947
422 550
534 500
981 161
388 398
208 364
102 219
868 32
148 102
890 796
185 649
625 298
236 818
967 334
84 85
345 348
315 164
830 171
434 362
224 88
108 478
916 106
106 80
118 661
14 537
682 102
36 267
380 896
153 671
446 671
297 93
909 463
421 972
834 574
567 745
320 295
918 98
452 357
539 365
404 361
63 533
896 961
420 22
842 583
242 966
510 593
75 88
479 752
401 274
692 128
512 996
580 300
439 348
484 557
710 555
983 941
819 178
339 340
951 593
387 285
673 234
209 449
468 18
618 589
913 909
482 740
824 498
230 398
616 217
171 782
378 962
156 863
404 644
998 984
867 775
79 569
313 299
209 55
185 310
653 306
218 631
92 807
455 18
522 843
391 696
147 867
553 258
109 732
96 497
381 981
364 573
337 214
978 521
516 235
91 181
755 803
173 869
900 938
292 773
446 899
269 319
984 61
604 503
878 791
413 994
474 653
664 126
212 747
533 691
680 91
587 604
47 175
939 564
349 479
222 362
214 795
404 293
459 136
608 114
311 658
811 743
683 828
249 604
144 829
195 108
175 644
454 12
166 437
824 483
97 859
563 71
164 704
650 659
722 174
714 682
998 57
606 250
671 335
884 211
974 255
185 756
642 601
492 650
420 931
661 163
760 425
479 772
828 590
173 524
164 809
212 73
717 278
276 713
590 118
12 59
49 510
306 771
679 574
721 223
433 824
281 350
653 327
661 387
599 273
53 809
389 189
910 913
278 910
608 995
261 113
898 188
861 975
26 347
269 352
500 584
950 976
806 597
537 224
886 441
697 432
665 582
884 382
440 95
551 367
229 67
733 554
767 687
610 714
25 506
790 72
210 968
14 701
501 28
772 791
134 475
302 298
276 246
849 571
575 29
384 941
125 515
372 847
671 173
529 276
30 472
818 441
196 253
964 654
54 304
444 59
349 747
606 184
424 296
79 67
882 102
258 380
769 128
971 902
673 266
351 157
585 195
448 830
590 24
685 108
921 692
185 648
495 734
124 849
194 252
936 719
239 703
284 584
617 140
37 985
497 725
44 43
714 486
736 582
216 479
727 381
184 884
496 150
632 653
54 260
970 245
509 988
425 559
181 779
577 197
193 435
824 581
297 219
273 149
547 257
911 505
353 364
587 529
1000 599
587 625
327 333
583 12
927 817
356 294
869 378
239 410
28 770
832 774
309 965
250 942
121 205
694 326
449 310
480 834
691 863
700 50
223 10
133 747
253 969
456 791
957 930
444 554
654 213
493 142
816 254
473 973
81 173
719 278
409 945
350 529
973 794
33 484
142 792
273 239
890 490
723 416
441 984
190 518
738 150
315 76
808 351
353 187
188 874
138 704
483 68
35 766
378 499
823 434
429 774
89 23
916 132
358 200
560 516
150 782
567 129
630 467
177 608
399 315
65 526
816 308
413 637
386 988
993 619
736 826
548 207
478 314
725 332
123 462
632 989
829 197
231 318
951 246
245 78
151 853
152 286
287 912
957 686
596 634
258 537
858 95
294 218
114 850
476 16
21 700
893 271
497 665
952 481
938 169
781 540
246 173
921 434
995 109
744 502
927 972
813 837
471 461
67 746
323 506
280 430
351 623
862 643
215 390
485 325
525 987
543 797
221 103
589 828
746 131
876 278
195 76
835 563
411 261
301 694
647 659
111 145
243 257
223 68
119 707
776 646
170 484
221 510
74 961
135 186
534 388
524 473
484 247
535 305
878 272
97 71
872 595
47 854
837 835
240 617
990 766
169 129
134 990
900 291
993 154
407 567
668 160
713 554
362 318
544 208
874 675
655 626
582 802
591 127
62 556
609 796
974 725
424 530
360 638
253 872
540 418
970 877
833 706
368 139
895 176
30 304
239 375
240 731
363 717
505 815
971 896
761 774
768 225
860 961
658 495
95 646
859 741
812 986
421 416
924 649
949 379
364 838
779 158
912 793
501 703
562 383
363 666
231 459
556 198
853 533
61 132
970 356
868 220
434 318
56 635
748 834
961 728
377 428
188 106
586 436
251 186
442 356
911 740
833 586
756 222
992 838
469 698
446 90
65 324
684 84
533 717
916 862
649 992
944 901
492 187
551 819
186 148
158 802
104 451
29 666
846 925
328 435
759 270
204 550
516 18
289 460
730 206
632 981
430 174
700 870
61 764
954 94
596 982
116 60
986 427
894 586
468 152
675 640
724 740
160 995
89 61
216 183
519 373
360 735
511 311
322 709
348 677
997 497
110 341
838 668
146 34
364 508
337 274
894 233
71 568
853 751
339 490
173 567
491 817
350 443
812 602
241 325
651 634
182 285
838 864
46 515
47 80
316 178
426 419
955 597
697 340
681 445
449 260
597 493
885 256
648 349
914 322
438 675
731 84
121 258
481 737
337 396
977 64
865 234
135 590
452 498
450 466
287 227
707 172
149 423
738 831
959 158
829 325
887 510
18 244
1000 64
778 325
511 913
246 518
961 72
959 610
821 799
994 631
165 979
126 319
400 487
882 854
209 82
127 529
237 610
744 545
811 213
191 476
900 239
740 429
200 472
622 599
222 799
950 360
547 431
992 960
227 19
237 920
280 113
192 759
447 552
341 819
225 874
553 159
791 120
493 830
956 945
722 341
975 182
184 53
579 874
246 236
14 606
642 493
123 941
134 978
210 405
390 464
613 751
577 451
186 807
158 577
930 157
729 359
313 321
839 23
753 368
679 57
632 447
793 121
202 681
16 196
707 183
162 344
411 640
552 117
309 217
42 381
397 996
399 193
486 369
922 332
150 78
853 320
263 595
717 725
730 982
728 532
11 130
882 957
629 584
848 400
899 601
697 682
999 44
191 549
228 705
496 296
42 398
55 195
641 280
101 825
73 723
924 867
123 763
844 919
687 313
831 115
999 779
954 618
705 266
538 988
571 405
16 993
320 303
969 981
959 838
561 912
823 866
242 662
238 645
814 875
316 808
782 168
761 368
717 565
450 40
457 731
294 345
483 561
658 610
41 685
723 115
296 880
384 841
519 258
408 569
242 289
944 976
255 506
932 853
332 979
526 329
302 748
473 512
626 802
283 640
466 763
441 480
109 729
182 631
113 302
601 342
17 158
436 494
964 44
111 581
581 443
827 140
133 955
91 845
939 871
73 381
965 130
88 820
555 299
954 460
383 94
421 691
45 467
690 943
811 730
774 67
526 357
171 479
794 858
879 597
485 252
868 870
985 522
172 435
452 662
604 906
878 737
868 946
15 814
29 15
505 785
605 938
593 202
245 360
490 898
721 126
70 718
80 245
10 768
54 342
812 659
211 408
495 480
227 844
118 752
636 336
928 915
654 348
590 906
590 151
317 950
206 750
688 494
596 90
686 51
340 151
713 766
674 543
138 952
573 819
884 450
623 511
239 334
917 188
19 888
215 641
894 288
744 787
556 982
254 843
999 609
736 632
290 752
772 672
600 865
66 602
67 306
926 350
535 601
440 945
685 882
533 35
658 457
482 410
177 818
665 475
403 271
348 675
222 370
386 616
38 451
765 389
459 563
764 339
48 552
118 719
67 397
883 582
484 404
708 159
225 643
163 379
194 721
974 806
653 286
765 54
854 748
612 953
745 563
267 872
770 397
274 486
694 299
570 372
710 211
428 521
696 463
668 309
995 115
217 987
613 681
11 561
366 411
230 602
957 71
829 877
152 44
267 536
98 126
358 654
108 101
599 578
141 912
598 948
713 196
629 940
925 151
194 177
951 292
187 951
344 486
686 651
936 51
593 896
516 895
660 900
277 50
481 428
401 1000
908 490
70 119
234 781
547 87
631 470
936 355
719 57
893 300
697 952
401 289
229 161
284 279
840 377
711 24
307 634
570 85
152 182
327 845
237 474
329 382
85 310
516 882
243 710
554 911
660 578
701 367
399 287
884 666
605 903
433 850
433 921
140 999
838 148
768 320
848 892
637 776
589 369
192 984
330 656
942 345
43 836
92 420
410 841
136 463
947 142
241 73
983 46
84 267
72 436
699 19
965 49
322 908
523 989
697 576
560 14
812 322
168 891
689 710
139 344
117 621
577 62
534 716
254 663
807 766
51 17
536 100
619 110
203 32
386 176
811 619
57 160
985 796
390 749
425 864
367 762
602 643
421 66
380 10
291 760
334 959
753 382
623 131
888 325
727 37
97 908
185 803
746 657
584 344
115 26
939 568
798 475
30 334
821 243
257 408
55 653
124 542
645 418
163 764
123 413
715 398
705 400
591 422
879 744
26 369
121 776
15 543
253 379
973 911
238 599
55 794
550 486
864 279
445 450
676 74
442 291
723 892
337 348
820 141
691 323
44 113
438 800
983 680
375 221
572 482
242 336
104 767
174 76
248 147
994 130
419 43
540 733
550 494
286 420
477 151
167 522
407 361
387 478
588 790
402 793
761 625
556 393
716 633
813 227
413 142
726 913
390 928
861 824
564 589
273 572
829 576
419 132
197 581
175 843
789 444
375 648
253 491
138 692
554 831
916 647
383 277
557 712
79 558
448 141
563 523
843 612
936 516
282 974
646 670
332 807
163 581
321 514
590 795
741 98
637 259
674 169
653 849
972 600
735 505
784 125
901 300
835 393
577 730
623 514
561 405
951 531
690 491
282 102
959 989
959 463
535 530
902 787
110 318
445 522
831 84
89 804
326 632
132 378
545 766
902 18
686 164
507 418
422 503
122 796
616 38
439 946
407 993
349 304
748 841
826 687
945 607
62 638
902 825
828 545
120 197
711 225
199 742
938 98
85 247
640 438
152 597
792 270
331 880
713 10
199 919
261 935
977 979
539 424
728 693
488 566
114 56
638 117
632 79
489 896
652 55
438 347
129 370
384 906
643 78
461 273
915 11
250 629
580 807
329 956
798 17
754 137
806 702
145 650
953 214
91 181
34 719
216 702
675 637
816 81
651 390
766 313
271 382
770 27
230 477
709 840
428 359
220 635
109 703
247 484
185 717
17 172
545 867
964 318
687 422
339 381
518 224
687 216
95 176
735 774
882 706
626 201
972 976
379 576
132 760
357 613
589 958
712 1000
426 790
35 973
222 857
621 889
55 462
609 410
292 174
526 994
430 339
324 372
586 502
766 376
446 107
295 637
397 283
730 956
231 488
279 449
401 602
136 635
11 520
802 662
687 857
866 637
193 796
399 101
796 713
47 957
697 576
571 494
234 878
514 881
619 878
943 28
893 615
593 119
704 563
170 483
548 196
538 371
824 406
719 45
936 46
223 757
766 305
970 841
136 323
146 762
307 315
457 933
518 960
530 638
509 458
92 436
293 243
952 514
669 892
928 367
804 684
611 445
107 625
901 881
353 292
641 44
780 246
957 328
746 246
835 565
748 310
623 380
901 621
567 257
316 61
15 254
314 182
78 976
674 125
971 974
116 458
535 905
981 430
110 810
179 415
521 836
544 649
815 32
320 728
377 539
163 398
196 312
663 983
347 675
400 258
939 780
191 428
119 296
965 691
824 268
920 721
953 924
226 642
62 53
963 463
922 733
215 183
383 284
60 927
101 544
568 90
34 481
482 596
156 188
203 841
122 85
627 859
619 145
810 852
817 764
907 472
380 175
59 790
577 197
831 966
670 446
42 647
285 374
478 908
924 654
761 474
247 662
75 269
522 992
980 667
980 788
809 531
27 688
197 701
875 99
602 668
435 866
565 963
661 352
232 406
694 497
204 105
708 824
952 313
738 295
857 720
141 376
178 551
347 280
447 28
435 273
683 708
36 117
83 228
891 21
388 226
396 417
743 265
354 397
521 916
164 25
316 170
639 473
360 694
456 452
81 461
253 672
499 174
503 547
209 421
203 824
14 292
556 243
251 889
831 939
303 365
550 768
875 847
891 125
591 516
898 61
964 984
449 429
191 100
991 384
289 90
409 416
959 989
496 95
41 961
164 798
997 603
846 32
698 878
454 247
876 599
149 448
839 212
859 83
301 142
300 75
151 614
861 218
269 30
809 155
52 71
57 443
372 690
547 782
740 673
776 442
479 746
434 179
23 655
92 716
22 510
749 429
794 64
848 662
908 397
802 811
885 578
89 453
231 661
286 255
245 152
616 429
715 95
286 436
143 870
425 747
284 677
305 497
127 660
643 617
553 671
713 677
534 724
771 246
160 832
991 960
464 896
32 262
99 947
413 427
470 790
44 402
630 765
922 425
680 970
125 467
366 302
103 31
336 718
768 380
359 111
92 347
97 80
727 339
563 437
712 207
560 981
722 762
94 696
332 619
763 235
478 283
274 757
145 863
110 571
34 685
923 934
983 343
794 603
626 111
897 368
331 738
984 469
545 235
131 319
767 719
255 303
772 746
109 731
366 975
483 242
821 424
425 433
179 804
873 752
870 796
882 577
971 986
321 762
692 625
554 355
450 716
556 350
411 895
61 76
10 792
779 211
122 250
409 602
767 865
613 164
186 239
488 212
607 43
614 496
252 332
755 142
43 447
163 103
534 675
99 701
672 992
453 256
154 100
328 436
683 331
279 353
176 940
333 481
366 448
337 692
743 185
338 939
280 10
252 193
764 186
621 852
586 512
674 33
600 720
301 684
889 766
392 86
25 582
740 643
187 950
937 413
710 269
399 311
716 123
77 632
965 860
905 836
206 117
118 142
238 765
145 667
149 753
99 557
912 940
707 11
254 157
937 469
788 49
182 863
654 523
969 283
49 103
755 154
428 375
93 697
793 535
49 268
352 950
905 294
579 63
406 810
208 565
479 681
729 58
768 459
621 725
616 603
433 263
260 331
203 84
382 346
47 612
990 490
383 200
338 948
847 947
231 789
589 574
270 734
562 721
173 870
445 956
425 595
933 105
853 447
885 172
364 980
959 77
418 183
598 751
531 416
906 390
236 132
38 409
195 85
827 468
389 303
500 195
389 719
633 823
599 736
818 239
771 980
434 462
991 832
562 636
201 178
241 949
74 227
954 845
173 485
858 152
167 496
749 973
51 332
640 258
987 233
438 855
712 265
220 661
182 544
664 192
460 40
238 795
134 108
88 330
848 300
811 373
51 815
447 678
263 964
153 24
538 856
313 300
366 463
361 895
970 327
399 210
573 951
95 161
80 315
917 495
895 687
828 296
894 590
465 289
697 803
85 686
869 366
460 300
877 690
837 142
269 477
369 411
540 285
732 668
906 600
712 860
42 151
149 892
541 995
474 57
450 837
96 999
286 414
318 289
561 40
59 87
992 890
34 632
792 353
253 63
765 663
518 523
548 822
198 625
803 157
690 756
862 276
620 456
881 637
406 351
736 16
658 233
262 488
80 261
109 81
641 882
236 37
861 685
998 397
211 787
784 461
227 377
603 144
693 758
697 550
848 723
771 120
139 597
917 309
591 390
645 373
253 651
714 182
883 881
740 778
603 732
191 504
326 720
144 123
773 582
124 989
486 207
529 627
399 499
790 997
570 133
452 558
362 553
526 855
567 843
751 56
493 545
429 901
358 808
867 257
504 646
437 792
572 812
82 685
660 792
917 54
836 239
39 317
546 261
452 629
140 235
79 566
456 201
757 824
886 752
16 528
800 912
681 285
188 809
498 46
389 721
665 538
400 839
482 445
944 491
195 562
789 991
484 409
76 877
784 509
353 58
993 930
663 389
542 176
462 210
809 461
629 722
247 449
832 753
370 292
546 421
960 549
115 433
13 428
597 238
910 230
357 427
498 609
542 764
208 231
834 959
421 248
363 787
596 702
514 227
172 118
775 458
366 807
319 943
202 61
159 363
855 608
280 420
554 108
119 774
732 339
538 400
110 116
665 192
494 208
652 957
581 319
623 913
119 253
258 777
778 157
188 353
500 821
437 619
553 202
743 728
334 655
245 269
145 708
995 967
263 820
48 568
656 765
750 970
141 102
797 854
104 671
746 874
991 411
250 87
927 110
995 514
945 366
310 170
103 186
307 565
420 335
694 278
78 891
70 482
810 970
203 855
433 127
969 372
458 750
948 583
421 621
898 659
340 632
882 401
777 810
302 513
863 680
776 721
886 503
285 373
682 159
383 59
432 125
68 412
906 294
433 842
695 973
231 164
299 998
716 902
943 691
526 898
558 395
620 379
754 481
479 75
491 394
86 907
752 998
825 778
121 233
379 348
318 405
699 415
879 278
573 995
900 931
146 658
496 366
743 436
168 927
691 221
620 74
88 538
512 622
377 735
393 911
21 498
818 198
842 77
995 608
59 587
495 226
893 461
749 309
136 155
901 992
982 861
990 666
995 755
70 108
233 645
544 982
736 899
369 46
58 223
315 552
727 71
295 666
215 735
634 850
659 464
379 276
258 884
733 892
760 407
333 499
412 188
614 432
879 909
299 227
432 892
501 385
298 280
425 318
518 727
383 503
721 975
489 546
443 881
696 159
136 934
331 758
112 451
105 12
698 159
140 584
608 602
525 540
177 159
943 238
109 174
65 546
176 123
241 968
137 565
448 636
103 556
315 39
515 258
655 801
11 620
385 240
610 660
74 662
93 723
264 51
289 128
837 862
52 263
937 994
257 63
338 768
571 71
741 877
780 233
145 642
258 600
683 62
997 743
45 741
669 859
264 350
297 590
429 363
105 823
190 125
357 408
199 61
438 263
518 422
588 781
791 175
942 995
801 786
766 266
168 544
588 920
222 783
874 110
888 43
763 719
552 409
401 82
617 670
836 360
40 336
181 679
380 118
105 398
184 436
34 870
668 107
200 195
865 427
13 109
701 929
188 221
486 917
643 578
304 954
735 321
524 674
335 166
246 358
161 396
226 889
765 394
55 37
99 441
31 77
105 455
635 133
198 518
413 588
66 617
138 839
556 284
587 821
178 813
411 624
942 406
769 19
190 610
889 305
687 568
246 581
659 807
857 306
854 508
499 616
69 700
946 780
816 40
25 791
375 943
301 579
948 255
100 829
522 788
635 734
593 68
976 940
452 119
465 583
598 396
37 316
800 467
174 614
276 617
295 939
901 861
789 150
182 767
369 199
824 794
833 395
483 493
718 543
111 522
518 975
734 343
871 773
500 951
137 928
773 504
606 351
901 507
815 945
129 774
288 491
686 776
189 57
100 470
779 36
658 740
424 859
202 227
61 600
732 16
974 322
117 270
702 705
577 222
226 260
633 697
659 728
543 363
952 805
406 65
913 872
895 40
106 623
571 238
636 280
309 406
781 256
234 442
313 965
717 112
841 114
16 800
644 265
556 450
358 533
354 195
838 556
673 808
531 483
808 300
563 821
462 473
306 448
884 850
985 94
500 106
29 388
782 207
582 835
931 511
956 578
369 669
86 559
892 170
325 770
787 299
310 395
197 46
728 414
848 310
845 892
169 325
343 606
230 244
912 587
317 675
595 111
138 749
320 501
780 516
659 495
566 279
428 281
550 70
335 307
481 384
667 666
909 493
366 879
781 544
740 999
148 513
69 286
545 437
44 440
946 180
161 52
790 886
691 687
110 457
563 900
497 295
521 522
417 663
595 883
416 677
706 488
856 692
144 561
639 381
194 912
771 979
730 923
877 829
997 404
918 14
367 861
237 81
913 30
155 402
183 699
475 65
246 137
728 918
600 583
750 729
870 913
487 443
511 124
443 23
188 569
340 956
247 200
92 464
636 741
934 935
220 370
136 817
895 169
415 466
220 801
142 104
952 45
437 948
985 886
424 142
977 847
904 48
127 655
150 316
950 384
275 829
312 864
206 202
104 841
72 936
399 673
175 101
218 37
581 498
140 883
505 854
210 382
918 670
674 166
784 640
410 39
880 173
612 476
916 362
412 875
432 252
435 23
14 318
993 614
937 629
896 294
350 514
602 97
755 295
793 617
658 87
941 387
50 699
844 710
429 578
380 685
262 110
889 292
588 886
138 456
555 556
869 817
466 855
80 978
22 583
370 113
772 129
750 501
610 100
358 194
15 104
400 379
76 866
138 104
835 419
280 603
241 293
355 140
97 843
716 585
268 600
678 562
468 266
407 241
374 864
28 859
348 374
140 481
397 370
21 752
435 525
398 188
587 489
465 63
105 827
270 70
829 206
656 989
830 574
354 89
364 132
102 229
220 439
596 651
937 19
928 319
338 738
378 683
434 963
431 915
922 93
678 357
18 804
738 181
398 236
336 998
352 686
506 787
990 84
442 36
711 183
601 961
252 289
699 616
244 124
918 750
344 649
514 656
220 249
636 176
369 217
529 196
680 186
713 399
381 335
870 665
380 230
155 825
53 179
794 874
469 261
289 340
926 819
463 304
735 562
574 583
435 560
819 136
178 681
651 111
347 213
394 139
524 875
298 683
553 860
450 253
764 653
463 361
219 945
125 47
53 780
668 559
981 603
893 546
782 176
630 210
590 235
541 820
907 982
588 958
671 763
671 23
801 234
254 210
666 279
188 381
905 621
237 129
877 155
45 16
183 306
175 487
219 936
221 68
879 408
900 539
832 199
206 822
547 830
177 607
676 741
1000 508
415 344
906 946
272 13
885 803
706 39
235 165
824 777
406 815
302 680
250 808
47 414
670 654
159 409
421 342
973 996
854 444
244 550
835 963
968 593
573 378
385 215
747 937
707 25
496 637
63 950
176 192
386 498
326 92
344 990
389 558
451 233
725 734
687 16
322 509
269 848
210 630
957 707
340 251
809 672
501 539
530 997
622 384
535 229
167 317
907 403
119 235
774 273
924 630
753 762
72 259
975 128
809 654
24 823
938 293
444 281
499 620
225 765
542 494
673 903
454 922
259 868
150 325
868 680
881 339
317 997
783 702
29 131
882 205
779 765
195 386
336 780
545 504
287 160
295 659
998 541
843 684
312 585
906 868
499 593
595 910
90 226
808 382
987 555
409 837
657 667
718 370
18 817
613 864
867 850
118 480
41 21
400 358
610 758
618 813
718 331
612 351
685 523
708 192
722 724
140 791
442 715
445 871
246 987
320 693
20 871
697 415
28 919
201 256
515 594
918 204
901 808
532 104
439 333
709 905
958 260
696 544
10 45
325 579
781 295
239 917
800 869
118 938
742 64
203 141
262 925
778 416
137 891
384 240
916 729
135 506
726 617
964 50
504 858
682 390
74 929
735 434
850 565
834 62
102 721
352 224
700 297
641 302
611 306
230 498
825 276
777 730
538 317
954 192
522 16
307 394
557 352
429 696
170 712
134 969
220 719
195 677
295 413
800 969
110 107
862 262
345 442
704 835
139 932
820 514
515 661
59 223
632 709
645 749
859 205
539 747
137 521
398 929
766 316
405 37
722 540
775 699
782 888
860 683
982 510
814 661
131 415
542 792
649 562
906 321
291 59
276 406
203 612
674 273
564 63
686 679
254 988
729 187
408 994
954 272
450 429
485 775
725 561
575 118
81 636
629 238
444 565
68 53
789 619
66 513
312 495
26 196
706 56
34 186
880 286
21 686
962 938
374 258
345 132
83 182
695 132
10 240
735 595
917 871
220 983
719 769
178 492
481 950
187 561
72 67
170 387
122 487
173 815
185 454
736 248
687 723
956 684
879 581
535 881
797 692
904 206
923 545
414 308
427 555
980 336
250 720
61 576
586 808
226 393
452 529
246 887
734 932
296 821
483 71
744 800
872 814
159 406
660 453
600 347
11 915
940 119
825 210
251 997
958 773
223 939
407 89
418 353
275 245
807 692
998 999
83 125
376 95
676 843
887 787
923 307
906 338
380 888
847 383
650 249
183 748
25 842
208 381
220 649
551 196
106 945
361 244
436 947
933 864
98 123
678 63
321 843
244 188
827 91
143 900
445 129
796 137
652 430
721 131
343 539
966 100
283 264
804 946
490 487
454 551
671 589
562 232
192 241
801 946
476 809
552 398
697 105
237 282
979 308
690 556
235 713
290 820
791 719
870 213
402 512
129 224
787 94
342 658
288 840
527 884
52 780
337 558
741 424
601 849
995 726
961 906
737 61
620 927
498 808
548 471
720 832
93 204
330 980
698 967
561 891
916 964
105 164
999 624
849 101
340 920
454 412
821 998
606 995
131 298
631 812
435 460
812 142
808 802
109 617
978 460
659 711
34 142
813 210
249 649
742 809
895 279
845 949
801 235
802 649
939 451
968 734
268 656
537 394
880 734
170 849
809 42
746 730
207 552
151 291
633 468
674 260
224 991
655 283
921 911
983 221
890 853
911 801
298 375
357 342
850 202
596 849
442 572
640 764
574 392
209 728
387 877
592 675
159 653
328 270
922 976
759 766
876 519
423 615
169 259
189 894
574 719
224 258
627 805
407 765
229 738
585 112
326 551
613 616
740 990
416 479
925 256
418 15
183 827
177 751
962 758
385 823
800 866
479 671
445 483
979 88
329 999
997 41
469 699
283 138
495 250
718 95
184 436
611 275
561 981
267 702
711 622
154 669
52 575
408 21
165 936
58 928
955 979
101 22
61 509
230 792
707 846
991 914
730 284
337 237
798 19
805 397
150 682
215 531
207 516
938 266
117 457
314 80
809 946
692 776
188 137
705 913
748 290
357 434
964 74
637 519
296 776
427 315
164 748
506 195
693 683
918 879
724 199
623 603
894 792
259 678
302 161
376 383
429 441
316 926
924 327
679 147
956 128
417 895
869 980
282 352
919 733
746 990
992 43
955 217
864 91
120 880
275 475
249 328
150 802
962 619
78 952
736 400
788 875
952 307
714 839
838 740
669 821
688 894
213 976
790 110
798 96
627 269
37 651
903 690
843 107
241 649
359 126
102 150
279 43
327 464
366 575
442 408
713 364
241 919
937 841
38 860
520 860
78 147
141 600
108 673
146 617
406 491
694 117
695 129
635 176
32 960
185 81
824 495
867 394
204 444
543 674
177 525
945 23
22 730
986 126
752 387
863 966
231 999
143 818
897 429
151 417
984 207
855 159
525 460
598 284
587 714
464 957
613 348
340 546
999 753
546 515
238 887
878 999
166 578
279 446
437 586
738 262
38 330
914 211
199 955
253 40
248 104
137 652
572 460
782 238
100 287
778 436
491 777
148 474
223 45
733 726
594 227
135 583
236 268
472 235
657 351
463 185
824 272
435 871
424 748
613 447
161 594
227 399
78 203
355 480
627 466
85 279
400 486
987 673
690 828
738 790
443 828
517 949
914 174
182 902
589 772
885 60
543 898
789 335
253 500
959 225
179 13
118 596
663 138
755 867
167 463
25 987
867 676
245 893
896 14
550 579
640 925
935 678
116 275
342 275
741 935
107 518
270 501
353 177
65 320
615 313
971 904
304 407
507 698
165 703
34 565
413 643
344 673
905 941
931 611
148 745
86 213
790 588
42 414
23 871
61 667
285 24
544 417
632 652
166 736
257 212
503 646
655 905
543 927
817 295
403 952
114 802
858 590
791 77
583 259
602 385
791 344
382 810
558 974
309 352
335 937
132 983
973 675
254 483
543 948
568 909
230 277
793 674
598 286
836 705
259 759
810 484
129 728
771 146
562 800
357 719
649 207
857 934
596 308
237 514
515 458
455 93
192 111
144 791
744 797
977 922
268 294
82 487
301 900
996 21
996 301
57 619
305 42
284 191
754 288
18 465
226 161
752 781
623 92
493 637
856 756
500 361
726 87
294 922
842 426
532 340
559 65
781 115
260 865
599 978
353 136
313 401
728 569
318 281
599 11
449 654
591 652
73 785
754 150
465 296
356 63
169 503
141 727
380 311
636 636
168 919
684 893
624 171
630 948
924 141
463 826
172 853
771 545
574 262
742 202
155 875
709 754
199 88
192 815
993 369
601 930
357 947
216 293
437 722
239 46
331 372
67 950
933 757
552 952
461 20
739 323
538 293
50 792
770 246
771 994
664 477
835 226
29 774
14 144
578 41
872 601
310 718
329 433
154 272
285 187
494 38
366 364
324 382
208 502
905 291
743 99
59 819
235 992
812 314
520 63
507 509
812 128
853 507
795 547
67 291
39 39
117 484
279 872
56 63
616 423
143 960
442 903
720 613
557 312
261 460
791 395
761 207
247 613
574 905
618 763
644 746
279 566
887 709
373 277
753 127
604 163
505 778
577 732
10 789
658 377
756 467
973 994
833 149
879 164
460 737
958 961
233 757
170 640
194 97
986 703
416 377
151 894
694 662
723 674
859 827
363 553
596 854
841 27
398 109
539 775
55 130
110 529
550 136
673 702
697 525
219 501
148 918
382 24
378 872
604 423
946 146
431 303
809 196
11 497
565 720
765 480
659 951
19 842
891 875
40 615
524 64
416 721
251 508
728 882
230 363
513 78
286 463
154 176
722 507
674 292
461 352
336 28
201 221
946 27
359 263
396 485
198 69
322 46
99 797
133 948
173 867
975 124
28 80
210 423
940 544
109 454
28 461
864 453
484 418
14 252
319 275
228 774
975 961
908 194
762 325
917 11
794 757
692 764
150 56
873 757
238 412
708 14
180 127
145 791
98 550
526 941
402 353
843 797
62 354
489 544
406 302
908 604
975 374
61 397
181 100
948 647
370 757
176 877
728 665
119 373
202 738
59 333
500 646
426 249
889 616
954 93
902 396
604 849
68 95
581 133
717 940
269 513
955 566
435 377
274 72
686 479
877 851
729 871
936 564
985 559
71 965
614 702
433 978
419 859
135 458
701 510
425 96
306 706
424 859
573 763
374 617
502 96
250 634
55 338
18 142
866 344
805 523
731 495
479 809
809 923
644 224
263 715
699 39
934 276
54 377
371 673
736 728
696 573
757 423
91 565
229 243
412 32
689 281
866 506
609 934
753 156
759 639
366 449
98 935
690 536
505 330
213 564
547 636
412 494
788 87
253 237
936 600
621 193
640 62
703 568
734 301
640 858
543 617
921 770
916 144
234 178
878 111
454 997
15 723
876 794
220 570
436 731
476 886
883 689
395 741
398 379
347 21
796 674
90 64
334 740
348 787
36 17
335 193
764 48
866 452
995 676
314 527
203 491
941 550
653 305
307 74
103 805
171 797
870 204
171 479
728 676
908 376
633 219
552 94
198 341
73 612
812 872
74 820
469 399
676 974
462 230
422 623
176 601
763 57
873 463
113 779
374 286
235 342
978 596
155 636
612 221
468 825
770 239
213 755
416 112
806 853
324 887
837 758
464 162
665 475
461 550
79 866
720 847
655 937
762 698
145 257
167 682
819 531
569 837
966 882
216 425
261 638
581 864
537 945
79 144
184 502
775 688
820 96
57 352
225 672
209 181
306 177
570 165
679 595
112 363
759 843
819 557
957 554
976 504
237 648
903 436
404 302
744 890
768 533
743 240
423 409
37 46
912 244
509 176
27 492
395 91
414 312
502 984
236 782
147 803
764 531
438 569
517 300
92 699
508 483
801 825
255 714
263 956
500 824
226 834
314 779
642 633
171 88
123 873
217 532
505 834
395 628
696 171
199 593
934 974
924 695
456 926
397 923
525 972
191 742
853 977
812 123
682 416
604 27
513 52
748 316
240 132
964 672
385 811
546 413
525 586
538 102
47 33
449 316
982 626
357 764
952 164
659 754
589 805
921 499
938 45
747 166
951 786
619 688
183 396
662 872
101 471
653 680
556 645
722 319
388 66
164 182
451 129
552 173
998 513
58 836
880 179
995 840
483 729
809 526
474 838
317 840
653 543
225 466
617 54
79 53
186 169
23 741
996 15
161 932
246 260
119 746
307 267
760 930
458 245
865 983
742 754
635 521
854 409
781 422
630 827
698 145
533 338
609 950
454 235
77 819
349 346
962 336
973 757
389 757
380 780
753 932
768 403
744 707
353 426
148 653
667 484
607 549
797 165
238 643
227 602
615 175
293 489
847 921
753 28
685 119
864 965
291 832
378 669
327 730
539 803
800 742
459 354
969 210
813 327
376 775
527 619
747 505
485 591
146 952
975 740
779 719
335 969
516 221
383 526
197 960
381 80
943 295
673 377
62 694
745 912
870 326
165 713
702 126
422 85
531 443
987 643
312 894
999 66
753 316
319 92
913 737
936 806
260 494
946 455
335 50
721 996
31 374
689 521
419 552
799 291
90 644
245 446
544 256
348 546
982 90
787 23
143 433
844 797
753 965
968 761
43 342
592 47
34 359
30 266
142 166
286 688
655 530
541 452
130 347
617 104
315 316
52 594
747 800
345 862
450 729
502 889
889 790
627 292
644 925
166 159
602 190
287 457
672 944
456 74
45 404
79 474
604 571
304 110
734 657
594 18
907 506
732 297
960 950
820 778
670 788
478 873
656 426
970 322
469 653
346 296
419 699
568 332
366 985
986 723
350 572
27 685
403 425
752 956
184 472
527 18
66 978
887 650
862 340
957 259
478 331
944 507
325 745
776 617
563 963
847 105
811 480
888 594
437 620
524 803
377 16
526 90
758 498
208 141
51 243
860 741
535 323
953 322
560 177
924 462
908 733
255 350
955 129
318 974
114 16
738 670
95 591
202 621
972 458
316 478
407 938
301 305
214 250
892 79
189 122
175 59
993 855
564 804
856 730
373 924
740 185
129 785
232 441
739 668
536 86
530 907
816 47
392 204
67 265
308 134
782 21
810 855
435 283
273 613
72 823
101 201
746 160
777 244
493 111
695 939
42 769
421 646
875 893
853 922
97 564
102 529
499 489
130 760
133 147
907 790
673 765
745 539
334 28
122 344
939 395
130 592
981 410
888 625
977 495
67 405
517 149
647 747
589 43
195 926
976 77
411 62
341 633
708 356
811 935
738 993
713 816
240 568
407 78
744 128
507 180
747 186
564 298
276 374
208 827
531 331
780 159
696 561
952 170
205 554
58 124
353 399
481 212
268 284
360 499
857 975
867 177
876 833
481 879
78 422
195 228
854 85
717 564
576 993
272 652
754 762
357 457
275 383
759 645
234 547
484 967
281 95
856 244
770 546
931 296
644 467
931 747
854 870
960 307
830 540
80 466
995 133
574 155
227 645
702 871
155 833
68 182
108 606
518 535
157 782
351 571
252 955
759 239
480 266
33 575
953 820
785 928
554 632
619 823
92 906
458 105
603 116
843 500
153 169
34 865
477 898
548 395
379 642
842 601
367 642
726 941
656 165
320 205
192 474
946 218
378 358
103 225
498 492
119 253
660 755
968 918
268 81
168 531
952 771
990 589
296 960
482 972
37 799
363 360
905 193
110 97
134 989
444 853
331 893
542 333
871 913
341 135
988 254
521 851
313 801
863 944
301 340
338 897
490 262
714 385
215 677
576 895
791 802
586 114
440 404
868 109
656 894
792 161
210 877
782 441
775 746
90 226
458 697
567 556
573 600
747 688
155 908
638 809
864 632
855 464
476 142
357 504
328 777
41 719
913 654
829 696
294 229
294 748
967 447
818 376
435 351
521 593
261 470
181 184
19 14
47 675
514 486
334 928
881 25
839 223
495 309
122 203
803 611
427 910
985 178
310 575
509 189
962 139
70 668
127 797
711 716
584 512
726 949
635 690
950 524
777 910
879 277
773 745
799 894
68 873
802 791
262 102
897 588
935 642
255 990
25 378
569 664
818 107
659 162
87 123
365 400
371 470
597 589
805 317
338 201
200 271
443 403
683 415
423 781
256 803
287 724
67 386
974 776
379 843
871 712
472 154
332 36
401 608
692 700
11 954
265 28
451 673
67 650
635 906
210 781
931 904
801 206
283 198
461 402
856 421
428 702
404 948
370 232
145 796
567 541
604 794
751 508
594 497
503 159
241 590
923 890
913 779
570 182
496 542
795 215
960 575
31 633
619 953
941 444
201 120
411 850
120 750
222 447
720 772
833 616
128 632
299 634
555 390
641 120
402 934
212 860
542 949
505 848
37 667
649 595
211 542
746 338
736 165
205 855
832 179
824 489
792 722
612 453
821 267
672 385
890 462
999 698
943 497
931 675
917 637
149 386
946 770
407 606
390 867
295 798
337 602
946 217
742 376
1000 863
772 354
787 254
892 249
500 902
235 439
228 346
678 532
207 298
53 417
706 361
438 808
781 237
270 457
24 798
293 438
722 448
719 568
753 804
95 270
892 169
973 352
403 773
854 81
475 751
478 533
585 556
541 797
556 409
606 849
430 205
529 183
339 166
482 627
648 999
140 531
44 843
171 773
517 476
309 513
715 295
429 711
197 673
995 166
435 125
113 424
710 339
309 692
273 846
999 410
633 42
712 72
768 309
948 787
969 426
24 982
819 879
223 381
368 763
828 102
913 672
567 398
677 488
637 826
573 897
438 98
435 554
48 843
292 585
910 752
465 202
217 457
786 292
271 292
404 597
47 991
873 848
352 432
537 255
147 335
902 741
242 433
115 439
781 477
228 881
757 745
120 529
263 61
726 329
741 569
84 133
84 16
716 329
708 758
373 498
678 369
955 781
442 414
259 705
112 506
24 362
921 614
583 216
722 632
42 903
522 76
472 320
171 725
558 409
185 45
800 906
943 789
139 26
46 673
756 419
15 120
973 439
40 21
444 997
61 812
397 365
198 456
506 483
131 638
720 817
931 998
899 815
177 147
292 794
859 899
510 575
347 373
591 913
696 51
951 986
725 14
776 939
523 181
445 184
298 910
732 659
285 541
396 539
353 354
138 892
427 722
913 571
373 636
661 192
972 975
579 719
771 199
888 980
691 618
496 378
157 889
253 613
797 880
869 880
563 573
639 28
272 345
86 752
667 62
971 361
645 462
738 256
544 86
277 15
857 239
446 72
398 71
270 253
176 687
632 232
902 847
969 587
339 695
726 683
546 957
82 454
834 883
588 202
239 37
414 942
782 106
186 762
788 218
969 953
40 403
327 489
757 521
556 502
686 770
506 88
656 633
141 122
750 789
69 819
377 441
169 34
878 791
231 421
325 601
884 86
877 406
418 677
505 64
365 838
972 430
490 42
885 126
138 146
375 911
573 710
797 682
63 669
257 13
881 133
838 770
622 431
289 871
182 917
924 730
350 221
240 204
820 507
823 668
961 742
927 656
770 272
291 578
679 124
21 976
542 117
820 502
126 536
876 609
74 116
702 102
145 879
483 452
412 642
221 592
663 929
690 880
383 160
225 993
100 941
600 855
838 341
469 726
696 592
635 972
808 132
73 725
420 13
458 17
29 688
252 476
124 121
842 197
909 760
319 694
184 418
254 182
913 588
590 443
171 849
756 660
677 846
333 793
68 113
263 680
652 149
452 737
713 810
797 475
787 865
43 976
469 60
385 341
44 109
140 669
970 370
196 561
500 633
988 949
267 875
259 703
760 451
610 981
473 416
405 700
851 716
84 145
120 907
322 447
778 739
846 49
385 555
514 972
253 636
949 836
782 436
893 404
408 50
333 71
290 344
625 92
840 891
127 583
500 565
76 481
397 802
272 443
815 1000
500 468
950 516
912 977
977 126
240 664
247 73
60 661
495 175
739 455
182 661
867 702
23 50
46 210
335 664
398 297
677 850
90 741
573 708
28 400
405 111
995 745
785 515
997 208
479 240
768 92
905 442
112 249
887 783
421 889
598 158
229 927
151 362
626 227
707 423
502 68
508 471
678 854
655 133
365 554
381 508
997 922
1000 706
654 227
647 512
71 865
117 474
574 613
277 21
408 172
743 222
305 50
565 789
297 610
140 268
158 362
548 962
267 674
945 398
525 393
768 861
131 805
90 718
457 501
609 383
322 711
297 684
87 968
921 488
13 101
882 209
989 220
618 577
226 550
431 138
919 796
326 931
65 111
818 35
972 157
651 474
197 64
25 570
265 892
122 473
477 380
393 261
477 218
81 673
832 188
88 75
613 119
799 496
156 884
502 317
690 589
415 105
89 893
260 321
943 98
22 816
637 912
794 819
661 832
302 504
599 100
989 864
363 812
214 968
202 684
476 675
658 472
906 666
864 146
314 825
539 558
98 403
237 436
259 713
666 131
392 170
603 31
951 993
416 170
977 939
709 231
327 302
151 941
369 711
207 699
230 864
250 171
753 887
363 270
397 140
225 145
859 636
483 854
342 958
942 625
628 97
657 41
893 417
221 841
974 47
263 697
389 722
861 319
888 389
841 791
320 819
504 311
862 484
263 429
867 423
660 29
857 62
619 961
216 825
644 126
121 825
944 226
457 740
576 849
715 480
353 352
331 412
512 372
372 454
530 939
611 393
589 830
882 434
939 622
414 695
510 315
323 629
967 437
218 173
357 240
661 50
904 718
950 620
79 464
964 91
912 479
961 144
410 249
285 655
667 813
823 445
903 556
609 896
320 92
915 124
400 281
578 650
233 284
35 840
529 15
416 494
154 931
449 718
323 706
546 969
529 643
382 949
646 914
109 403
313 517
97 894
896 769
518 816
508 790
778 525
58 594
881 911
633 744
814 711
954 633
505 529
576 517
153 946
992 466
261 884
762 600
830 269
852 782
943 874
408 420
659 416
557 602
822 719
378 421
494 23
909 352
757 36
979 883
938 979
350 918
317 382
45 233
933 259
936 180
148 92
45 724
935 150
926 142
490 599
502 926
849 956
358 530
981 254
516 807
913 219
420 615
723 798
545 47
22 484
641 827
49 492
330 187
64 252
227 129
359 882
977 374
139 246
497 213
393 568
30 977
227 827
74 531
897 597
810 926
363 24
82 636
643 279
895 822
916 698
660 389
557 832
197 36
435 533
305 96
552 289
830 72
977 949
971 490
201 686
630 839
524 310
560 160
659 459
263 518
256 380
642 553
86 133
755 940
74 213
962 599
451 371
385 32
381 856
37 84
994 567
563 603
270 636
678 675
232 853
528 88
640 612
110 975
218 192
313 738
460 367
250 590
574 564
862 667
423 519
708 942
82 545
697 817
690 345
781 297
915 471
191 413
947 729
702 649
652 456
253 850
882 990
914 561
885 235
657 82
374 518
305 279
48 174
64 229
204 667
299 991
910 448
241 401
797 200
339 695
133 596
464 662
116 202
22 181
27 582
546 771
236 723
654 301
957 71
779 30
666 270
39 470
887 305
178 861
187 411
510 301
107 929
895 849
287 555
538 654
940 609
984 363
63 251
311 418
797 315
729 72
493 741
229 306
283 523
121 241
723 18
868 612
899 29
954 72
980 227
283 471
837 470
951 938
296 177
387 434
54 195
752 484
397 685
47 430
331 817
821 997
138 250
394 978
753 584
391 121
716 509
485 695
929 571
637 580
584 351
255 800
628 791
655 695
696 376
148 479
928 843
303 668
321 88
411 341
276 811
106 11
26 743
712 800
412 178
216 149
159 318
238 598
320 55
256 27
195 341
112 275
718 109
277 582
50 162
653 649
972 86
534 454
158 554
209 293
733 734
904 178
591 353
402 609
31 931
634 340
683 516
948 716
310 693
352 126
424 441
584 468
27 562
221 534
580 340
264 138
123 835
250 514
335 340
954 366
983 932
502 278
224 993
537 459
226 43
425 888
514 225
885 304
227 253
482 210
431 854
707 427
837 990
863 93
331 980
506 348
733 489
122 984
101 885
79 557
247 644
927 712
613 527
744 20
107 235
602 563
397 90
385 678
656 363
482 182
137 447
636 619
72 297
154 10
178 927
622 265
166 889
40 985
725 325
34 151
542 565
143 143
465 308
911 39
537 286
792 760
478 984
476 180
435 844
906 519
460 888
792 369
973 830
598 135
865 969
794 763
153 289
290 311
808 824
271 982
143 448
216 391
890 748
445 173
867 137
313 527
356 550
694 648
444 374
778 995
90 402
324 229
665 659
356 684
721 33
625 685
649 394
901 797
459 658
439 214
839 467
680 613
85 361
712 693
332 861
635 167
422 245
693 529
746 590
330 832
419 98
554 516
782 235
682 979
467 270
979 835
654 586
660 393
280 19
876 939
192 872
438 833
306 76
654 518
541 80
101 641
429 176
669 547
583 911
674 941
345 182
222 816
460 494
976 437
931 48
283 341
277 778
682 123
690 929
685 787
873 512
915 652
398 610
490 85
663 686
266 225
742 840
57 748
46 781
718 51
957 301
666 638
18 463
183 657
712 893
666 511
105 854
404 574
456 437
614 211
641 106
98 686
268 557
639 212
467 440
718 460
530 431
951 877
894 138
421 392
341 577
356 455
696 287
391 41
650 322
487 911
676 188
825 516
531 14
447 556
713 785
860 966
700 672
632 767
917 432
857 662
127 431
138 645
244 34
791 425
160 849
443 790
362 734
635 702
816 22
674 541
198 221
303 341
242 172
614 555
803 474
923 95
134 23
168 283
847 767
808 920
866 540
749 256
454 694
643 525
644 333
478 576
523 934
930 430
43 494
988 178
347 123
251 535
613 209
275 799
570 479
356 764
444 968
236 500
722 845
867 758
51 967
370 270
545 958
677 56
883 58
286 212
426 743
58 476
761 439
850 587
40 969
872 740
157 17
936 234
818 457
594 784
47 742
460 545
471 396
850 528
159 183
79 14
59 491
802 217
111 721
499 442
512 376
681 21
742 488
967 537
941 985
393 737
608 136
153 898
617 44
699 438
165 260
954 33
326 667
448 184
482 129
486 512
666 16
332 625
747 101
378 836
946 517
588 173
312 756
137 858
680 564
451 683
651 576
967 534
186 560
35 857
999 83
693 331
209 634
260 562
162 295
684 36
822 454
734 637
158 775
53 439
564 485
405 139
571 417
83 744
90 139
561 488
208 374
833 53
850 948
444 753
837 624
690 868
800 638
592 770
88 719
852 784
122 845
432 45
413 481
494 775
995 429
720 777
252 640
795 196
547 511
407 575
621 102
975 299
307 635
264 161
868 789
391 137
30 237
503 293
159 77
712 155
494 117
429 722
497 876
854 797
19 506
654 639
488 781
479 698
934 913
914 364
238 139
986 679
193 319
750 283
674 579
947 947
708 70
234 552
330 185
648 806
494 787
42 15
859 279
462 125
678 885
496 690
306 902
182 285
992 188
132 76
298 843
277 211
677 881
322 848
664 171
786 331
231 758
191 164
684 525
821 819
21 552
108 906
838 966
218 157
544 995
643 70
136 851
659 488
838 310
477 74
568 615
43 27
575 379
149 838
441 201
903 33
278 201
185 979
325 554
255 125
391 400
148 577
344 117
664 103
247 969
831 455
314 798
939 202
527 256
679 625
950 267
886 898
938 688
320 445
444 676
484 282
623 878
223 386
575 27
665 538
588 482
284 569
624 816
680 354
448 519
157 911
969 944
255 659
18 96
853 967
467 263
44 479
539 978
868 149
509 200
251 981
44 185
803 663
603 546
778 117
105 633
47 571
856 472
662 228
770 924
571 455
721 646
41 266
490 681
754 562
167 100
837 489
169 65
852 504
733 558
206 564
444 320
805 330
766 740
754 927
284 956
130 606
336 813
581 238
605 411
123 118
607 374
212 769
962 469
91 211
162 97
691 938
180 105
622 24
130 350
557 534
283 405
450 158
987 157
285 11
221 676
832 737
103 669
793 122
996 488
497 478
799 565
836 831
194 381
272 862
237 847
426 736
669 913
935 706
818 498
879 252
111 265
897 654
761 893
618 303
235 226
158 722
416 935
820 897
995 99
968 836
114 705
551 225
370 946
848 90
449 11
846 121
890 756
365 702
743 509
67 911
85 256
709 139
77 486
919 714
840 199
783 709
506 559
447 564
26 87
129 95
756 764
33 934
361 673
17 583
323 269
905 896
519 806
143 765
750 613
338 436
83 998
82 118
281 629
286 648
624 642
831 602
486 863
954 792
962 319
688 634
777 672
726 67
505 501
116 258
559 305
914 107
178 67
887 796
816 171
610 649
708 297
882 927
390 726
180 498
453 257
666 357
350 595
475 561
69 208
781 61
491 790
772 491
831 839
910 364
809 65
608 653
122 760
175 305
245 886
116 560
545 898
451 949
639 555
72 835
115 274
740 176
43 974
14 128
292 695
621 220
923 604
438 224
54 758
524 607
833 933
36 606
621 817
755 312
136 840
692 703
953 923
91 874
289 965
930 644
903 46
315 712
729 288
839 708
576 679
735 322
993 83
135 907
469 491
296 400
310 740
977 31
562 679
754 910
364 732
95 529
388 69
136 785
375 798
604 720
864 419
607 971
711 200
655 173
244 512
135 866
275 926
322 855
535 128
910 918
57 690
780 606
669 648
575 50
881 942
750 563
955 481
524 154
783 489
627 707
167 767
645 202
347 886
612 20
635 568
386 38
999 766
207 239
895 425
379 437
727 874
892 225
922 398
272 308
962 250
579 229
983 680
774 379
668 310
861 342
562 772
407 725
860 797
322 140
572 828
320 202
82 949
754 935
223 164
567 364
941 109
986 357
335 868
300 815
71 271
236 969
270 431
492 750
889 353
373 249
944 420
610 963
454 474
319 10
558 569
468 670
165 707
860 962
532 766
861 925
407 873
742 562
529 59
182 407
444 883
157 421
867 355
336 255
982 341
368 509
741 409
383 399
57 248
551 374
552 723
324 148
96 273
914 297
468 681
985 399
662 193
648 171
889 535
446 699
984 705
314 356
351 501
129 126
721 549
846 833
835 121
234 215
573 442
121 315
692 23
112 296
745 306
129 611
507 630
215 313
570 333
253 601
764 120
894 11
984 297
919 549
594 159
81 492
531 796
443 878
216 819
119 646
916 596
706 804
519 289
35 203
295 246
291 983
543 73
755 457
89 753
403 150
211 425
692 999
83 135
808 886
303 609
297 486
912 73
988 469
491 327
800 984
210 597
360 756
991 864
513 343
846 216
474 86
38 614
524 705
388 388
836 798
812 21
912 373
752 137
291 389
350 711
355 43
771 408
253 19
652 543
829 528
488 747
942 533
730 383
213 94
93 806
63 341
719 311
951 683
519 637
305 696
73 775
627 634
829 969
261 847
572 826
205 246
453 617
661 771
628 203
21 162
980 188
52 750
87 737
108 135
510 457
925 805
925 62
956 595
352 65
399 473
50 254
811 878
220 545
12 606
972 146
298 734
458 201
784 540
83 800
175 320
721 822
653 127
641 554
978 306
470 452
776 945
300 992
252 126
492 697
856 550
180 696
145 397
414 43
819 830
257 225
87 328
615 73
773 86
596 260
161 827
333 919
809 329
317 583
671 918
344 345
881 161
77 653
263 56
248 418
11 196
574 346
659 563
98 841
863 552
732 877
620 206
661 196
364 788
984 145
783 167
22 256
112 29
61 315
184 61
457 478
528 573
743 498
327 133
211 415
38 720
469 756
203 150
15 916
588 422
195 595
769 593
342 468
395 620
204 18
415 956
587 984
755 51
709 743
336 24
113 402
934 858
14 611
509 587
352 211
19 205
229 557
688 782
143 172
552 602
197 966
687 462
14 139
615 479
679 289
162 620
468 880
225 924
226 891
572 618
401 969
652 704
881 769
216 493
11 840
17 866
94 214
657 676
239 136
354 14
776 789
253 362
479 79
163 481
353 564
984 709
231 727
643 579
899 438
574 163
15 925
923 804
458 888
897 52
211 386
737 458
108 688
607 288
834 747
65 961
108 396
456 730
227 140
370 898
355 383
981 631
521 319
843 552
973 603
178 608
641 398
610 507
699 546
841 478
691 908
67 231
15 306
612 178
967 710
383 951
631 864
779 999
440 840
581 40
364 685
53 122
982 863
416 345
145 247
122 690
414 14
845 682
335 331
360 822
23 705
418 821
780 786
587 550
448 590
280 756
62 603
343 618
918 935
599 948
478 189
278 841
448 963
330 18
723 730
667 907
816 912
751 902
26 935
155 318
950 451
21 231
583 116
269 166
42 34
417 192
665 572
525 918
52 526
295 837
839 207
318 62
670 529
374 503
888 392
908 624
360 887
583 135
683 369
959 401
530 122
638 427
471 88
859 630
159 775
578 120
443 430
96 967
36 235
789 851
70 307
289 22
968 256
439 703
556 316
766 153
319 409
575 208
177 771
697 503
118 542
113 322
549 694
593 144
689 712
821 109
76 464
823 367
348 393
76 745
465 215
70 629
11 510
544 218
520 939
296 579
101 225
153 594
994 598
408 411
568 178
63 650
911 681
551 238
41 741
853 228
405 530
445 35
112 914
976 508
170 296
234 436
741 203
835 991
778 271
237 592
932 776
96 673
702 890
657 404
486 593
125 885
469 908
43 542
585 604
778 415
205 78
623 479
680 683
607 156
863 635
784 595
934 87
243 163
247 396
55 35
763 78
35 369
407 420
653 893
405 304
664 818
712 220
408 675
228 438
727 586
450 116
198 697
994 362
730 983
910 626
832 754
123 374
386 424
987 398
890 167
759 389
174 956
915 831
798 822
34 691
379 529
369 718
644 797
641 873
869 258
683 447
241 10
520 315
994 716
564 334
311 903
622 193
289 134
654 283
449 572
122 345
853 738
556 250
740 624
136 144
973 309
427 170
991 796
262 654
408 108
856 237
414 546
40 961
859 192
544 858
411 898
66 107
37 81
644 343
889 934
87 982
370 695
231 804
919 915
686 316
288 872
336 346
233 316
494 725
602 1000
204 720
882 320
502 649
609 437
19 405
819 102
639 423
256 96
655 143
279 834
781 115
156 948
529 93
843 150
634 282
742 493
745 137
883 138
367 755
999 494
522 556
448 111
138 595
554 331
355 323
845 676
905 751
212 301
998 907
628 233
202 548
152 437
813 979
348 718
228 364
383 484
164 147
846 334
102 422
464 175
906 96
463 821
201 548
695 68
874 801
301 333
624 592
894 996
825 973
63 870
110 133
159 506
58 843
531 537
899 400
292 720
57 943
746 886
543 60
337 606
737 463
952 285
922 909
646 331
443 76
157 414
277 771
812 211
63 404
784 781
970 247
166 367
441 916
647 28
76 526
584 16
843 832
534 70
34 505
257 294
461 317
446 843
567 700
559 542
277 971
979 95
575 495
204 456
161 387
600 277
617 943
395 789
275 21
407 458
838 124
824 524
673 912
387 225
757 522
654 973
173 527
917 855
101 912
734 221
897 910
554 783
23 269
874 250
908 583
123 813
999 134
890 587
17 685
302 388
712 543
777 583
384 430
41 805
593 877
241 878
44 683
69 992
408 908
776 241
716 200
285 929
225 253
968 881
938 690
296 570
118 338
723 374
665 584
367 949
392 941
132 351
954 630
248 388
752 39
702 99
301 74
398 824
446 521
204 519
392 165
36 589
825 256
211 171
589 370
221 965
660 11
44 343
841 568
672 754
906 137
827 457
956 827
108 687
189 77
378 897
438 809
614 828
591 183
620 414
531 987
340 733
218 149
624 915
964 523
416 429
276 20
379 755
100 597
503 12
749 976
492 42
116 137
770 321
722 700
229 305
287 508
27 942
629 858
599 178
522 894
17 598
498 514
587 723
406 603
912 71
934 99
582 589
507 702
86 212
68 942
498 733
686 961
683 35
511 17
781 215
970 904
822 382
435 730
462 480
481 695
369 918
390 396
556 157
922 731
878 877
53 336
262 522
488 320
818 418
629 901
741 121
938 751
643 850
358 358
263 268
238 648
484 279
351 66
681 552
633 799
614 881
810 237
377 185
149 126
641 973
163 694
681 341
448 323
321 358
434 654
800 21
351 976
272 482
245 707
731 279
462 439
81 380
599 848
573 516
287 338
118 171
867 44
788 923
498 358
804 686
187 397
998 905
145 364
914 778
886 246
144 694
473 904
108 208
365 997
188 308
144 65
548 161
177 812
997 238
588 209
853 708
588 279
395 419
791 106
226 843
667 677
547 688
95 771
174 681
156 229
975 586
439 798
990 201
569 413
152 495
972 998
985 18
160 457
921 603
662 141
216 610
691 142
980 573
943 711
786 866
296 907
863 213
377 417
595 319
756 491
75 58
377 55
430 540
685 632
421 89
680 92
696 903
592 357
790 195
810 972
47 296
574 277
565 235
360 925
995 76
149 340
158 628
298 147
566 602
599 177
323 63
528 94
838 229
209 746
396 662
871 770
311 668
909 766
433 427
910 523
306 401
66 682
593 875
163 265
851 612
206 669
33 257
465 274
502 521
189 662
338 915
672 739
923 152
829 637
252 853
951 677
824 259
96 836
450 87
343 530
718 767
474 181
823 318
555 384
398 93
867 438
540 872
115 122
336 50
776 324
797 684
371 714
627 972
334 953
298 156
422 579
598 513
116 855
112 768
375 848
686 999
33 784
470 897
598 350
954 422
911 608
298 834
626 634
977 733
218 955
305 336
828 838
176 99
566 923
779 842
621 143
778 976
103 81
437 378
812 747
990 543
736 332
594 83
919 130
301 945
231 836
33 120
392 995
116 664
91 485
790 895
374 709
638 262
625 982
506 175
407 839
577 671
635 809
282 143
125 343
500 591
773 898
858 920
155 230
167 543
964 974
766 862
990 567
690 755
835 412
256 90
795 747
88 490
255 32
409 57
717 679
831 253
404 260
231 132
99 590
326 905
130 446
895 948
194 615
384 333
536 220
391 620
734 199
190 555
143 33
372 436
441 747
761 123
614 922
907 827
171 593
947 222
210 396
46 350
374 301
218 357
206 276
291 886
992 470
43 65
132 545
793 823
186 993
752 20
103 431
215 549
277 553
884 910
320 477
17 395
372 19
279 965
147 351
423 644
411 16
751 249
617 672
337 820
322 517
815 399
377 383
741 883
116 275
911 853
21 925
221 628
157 776
805 991
129 604
404 885
256 629
883 973
782 467
182 754
359 410
114 833
333 757
536 627
498 658
290 551
791 543
874 455
646 862
160 610
803 863
910 631
193 812
827 510
933 459
808 600
600 796
777 20
279 621
586 25
453 180
531 487
890 290
639 578
796 874
944 136
334 479
759 460
420 553
967 533
739 656
941 218
55 984
977 694
354 216
683 971
592 676
349 729
491 804
609 639
229 253
325 490
410 381
564 199
85 682
140 858
661 746
842 906
173 689
621 121
574 481
971 267
545 993
158 558
948 952
265 622
847 724
473 424
980 987
855 441
522 221
183 321
30 638
117 652
370 502
816 766
801 891
479 863
500 661
504 979
966 563
136 687
262 700
424 286
601 914
90 827
838 916
502 486
674 470
568 864
125 880
788 526
419 147
471 256
680 30
445 121
897 843
207 60
577 105
915 901
776 879
384 995
432 875
130 460
662 552
199 995
692 831
637 811
232 67
797 265
193 418
657 240
981 892
391 759
264 653
838 592
654 325
148 909
555 445
910 369
635 508
617 828
468 285
528 149
562 573
722 26
789 225
388 875
871 248
297 361
209 695
344 44
429 50
94 199
855 658
410 381
267 254
462 569
236 954
744 20
53 353
337 819
190 664
738 434
494 508
386 119
16 389
492 219
869 328
739 858
297 542
266 410
853 442
301 863
75 382
530 115
421 992
626 86
855 237
752 192
181 768
58 481
104 505
923 32
237 933
142 958
724 349
992 359
908 333
149 356
289 807
119 665
217 58
380 785
380 983
191 701
933 367
234 790
778 272
481 419
807 590
932 945
338 467
431 437
802 932
915 829
697 716
213 118
563 152
983 51
644 695
830 436
763 141
923 782
767 216
520 197
696 658
115 377
442 466
770 158
635 288
890 351
546 229
349 779
822 53
747 858
324 667
697 101
59 627
628 368
247 735
954 257
206 665
66 572
745 355
925 153
860 878
737 679
680 971
644 322
176 311
404 303
754 790
965 152
499 354
592 859
375 848
988 787
324 109
184 889
660 844
318 700
31 302
953 874
181 927
862 258
822 630
489 121
77 286
437 245
878 699
851 721
84 965
666 863
375 804
607 126
650 83
742 774
618 832
966 875
850 936
697 438
441 60
201 342
877 412
117 518
637 906
109 592
214 578
118 774
645 430
398 333
527 102
946 590
965 419
373 488
225 952
597 944
977 109
326 525
736 382
651 979
496 125
645 475
90 576
626 477
868 992
340 191
267 446
12 940
731 893
68 55
913 363
486 367
789 858
131 617
770 283
467 117
922 326
717 335
689 326
127 25
73 938
650 756
590 158
83 55
717 672
740 614
781 143
63 655
189 352
973 221
906 597
325 661
576 88
129 957
530 158
573 483
909 608
302 87
467 848
557 967
170 483
696 154
537 978
442 984
815 855
947 247
122 581
212 887
216 901
363 398
826 974
296 514
88 127
156 542
750 551
774 762
424 910
451 931
988 51
965 420
898 679
331 682
42 72
204 880
509 477
417 147
489 462
326 870
375 946
805 69
119 957
55 638
771 373
11 364
508 973
314 608
485 748
933 73
46 19
258 332
439 390
963 560
891 293
825 848
173 135
256 979
244 623
578 984
445 469
764 390
896 455
911 603
708 851
76 429
572 463
731 137
199 783
317 571
861 682
969 709
851 343
387 69
710 141
381 113
650 228
164 113
712 770
375 643
233 472
271 287
640 374
145 617
377 666
931 476
771 358
259 703
319 412
640 173
503 557
598 780
797 225
554 767
660 335
794 827
969 291
494 469
31 503
128 355
688 740
640 506
133 700
487 259
391 258
493 34
538 258
423 862
653 741
383 684
417 318
598 40
161 255
506 555
51 317
540 861
272 389
215 615
738 434
256 320
709 158
603 138
891 593
600 841
24 914
77 638
354 159
239 674
946 737
463 291
686 491
187 781
226 894
867 670
425 180
59 856
986 971
366 712
829 39
15 123
215 717
874 823
176 721
249 187
42 694
597 280
575 876
292 357
501 137
74 792
159 775
449 531
463 388
764 580
369 969
533 236
551 730
217 896
35 236
503 394
372 857
156 819
641 726
737 217
447 585
861 666
258 853
797 997
146 19
600 164
914 305
453 658
394 782
678 793
295 888
286 849
47 756
146 22
374 235
597 938
796 758
735 260
922 518
620 549
501 968
269 160
432 330
678 853
746 784
507 111
129 913
314 35
547 739
162 587
936 84
637 966
288 204
931 623
340 737
911 667
138 454
826 412
436 70
966 982
772 938
714 493
268 121
300 864
28 491
897 741
779 202
434 349
25 453
671 587
893 901
302 751
918 57
695 107
340 392
525 333
202 350
504 115
76 257
173 685
622 443
855 604
179 25
391 179
991 321
38 860
627 984
819 886
283 527
790 408
397 846
647 121
448 426
67 764
62 117
971 404
80 26
839 147
443 73
558 250
999 370
465 559
749 363
224 738
550 544
559 459
64 829
497 246
628 206
958 770
666 285
804 885
50 31
704 447
590 280
807 472
798 49
809 354
72 930
523 114
318 502
526 700
768 887
595 101
259 289
33 844
589 70
331 433
771 443
982 604
567 225
277 135
704 936
285 628
895 496
266 655
439 347
728 667
549 589
768 222
124 844
614 137
301 427
51 665
248 258
235 539
375 628
335 373
665 720
508 552
457 582
762 901
348 803
122 366
863 222
76 551
837 989
955 152
553 923
148 358
816 325
929 932
500 497
594 657
478 403
677 917
133 56
243 226
345 331
628 945
629 446
760 510
392 39
786 606
619 794
351 308
307 295
312 312
894 537
726 654
300 787
263 112
284 651
636 498
273 294
822 502
699 707
820 824
937 173
878 982
336 811
974 848
602 505
789 56
428 690
914 768
912 441
152 935
815 57
511 136
657 879
816 353
313 144
855 858
56 399
234 483
682 319
993 855
426 449
164 22
417 634
330 475
402 694
926 409
75 57
366 594
637 195
976 709
648 198
44 87
624 505
89 414
704 966
250 300
479 436
73 141
380 239
526 663
476 227
428 63
880 113
691 650
497 532
973 373
755 532
654 278
361 430
537 128
717 362
996 335
472 572
615 875
324 234
111 415
321 511
65 992
943 720
375 919
834 840
676 746
79 10
619 963
880 299
874 141
202 61
339 880
902 207
494 282
552 229
976 881
999 361
744 15
457 495
567 472
813 428
812 289
74 362
471 397
716 622
632 111
706 792
917 801
68 471
991 77
262 556
583 224
192 72
451 394
533 458
837 35
363 261
524 35
672 327
111 826
583 126
482 603
641 598
614 748
899 738
983 806
921 995
726 366
23 666
816 61
846 999
897 929
432 222
774 58
168 276
526 832
626 672
404 423
917 573
798 569
119 777
849 350
895 711
605 337
629 602
280 367
530 233
518 188
730 208
797 900
151 984
961 924
339 191
235 303
914 625
463 118
881 500
283 470
67 310
379 410
987 232
37 279
616 518
747 420
619 132
761 571
167 384
50 465
799 15
302 135
334 436
335 327
444 685
441 88
667 736
558 436
593 21
339 37
951 734
679 340
896 902
113 955
765 702
927 505
798 190
498 188
432 319
545 923
541 579
149 352
205 708
709 941
630 609
26 937
999 873
48 478
180 372
605 359
945 971
548 498
404 709
511 559
234 79
925 184
291 197
826 335
769 925
340 986
643 376
789 699
758 187
807 419
386 482
783 617
183 258
740 52
128 836
341 799
56 573
199 255
357 506
807 942
221 52
601 1000
235 510
999 774
984 62
205 925
469 295
401 95
668 646
836 768
479 913
478 216
442 188
65 690
887 639
631 771
812 131
324 105
543 275
210 921
770 894
370 733
94 959
346 311
104 237
928 864
516 849
172 725
139 955
719 725
501 906
163 115
91 788
523 393
754 642
153 314
182 206
329 810
991 599
388 335
914 51
630 695
438 800
137 72
350 661
348 232
740 263
407 967
37 514
222 134
366 18
137 881
391 326
878 112
650 836
206 680
601 609
470 405
815 263
521 688
915 553
572 109
829 845
327 496
971 315
971 833
46 273
973 828
244 448
475 528
262 183
470 939
983 954
679 219
101 30
176 659
268 585
75 725
745 798
851 485
704 177
662 864
511 678
382 521
585 523
992 577
538 605
508 729
739 958
580 969
306 594
849 720
256 27
633 431
229 233
579 110
433 303
834 834
83 947
200 920
664 404
360 88
520 208
950 973
546 289
367 405
841 144
970 328
184 290
533 46
838 823
363 424
481 587
318 1000
83 89
314 787
770 235
569 498
838 749
680 393
641 679
110 397
792 982
534 491
798 502
105 998
566 453
200 577
274 458
33 855
388 954
405 728
249 650
888 326
284 986
791 888
814 904
621 554
873 456
50 166
668 381
805 113
347 568
511 647
546 349
428 826
545 839
221 98
177 462
575 946
531 173
986 583
999 949
424 283
318 880
302 692
188 928
585 976
751 419
168 289
924 794
582 694
694 658
467 87
374 437
577 77
271 655
28 294
59 380
284 797
846 753
913 918
33 626
94 484
338 183
377 93
853 284
348 935
301 216
798 682
136 809
662 393
153 489
356 534
31 355
721 974
291 923
817 580
925 971
907 960
920 596
167 578
868 790
55 842
50 228
562 655
958 609
566 704
726 143
31 639
418 79
758 246
308 216
333 276
31 649
595 717
109 968
779 397
52 17
477 756
395 455
558 707
507 146
626 89
286 696
698 320
688 666
375 280
943 174
476 397
756 771
96 11
370 362
911 336
360 216
1000 55
378 951
292 884
709 658
600 955
527 569
495 509
494 31
511 901
255 828
82 899
226 143
180 506
104 630
419 220
374 352
14 818
136 627
956 984
636 627
444 480
256 945
425 615
418 121
375 757
932 253
878 548
24 584
115 193
933 694
544 748
614 773
522 707
628 982
750 494
453 230
832 665
361 536
570 864
201 523
672 579
258 830
259 621
454 480
922 857
420 147
687 43
436 287
514 112
239 318
291 987
55 373
194 364
140 269
391 196
960 693
356 962
961 48
334 351
187 937
155 935
156 563
402 318
850 192
507 495
908 518
24 261
33 268
65 387
14 74
698 286
398 294
953 85
847 60
569 271
969 285
688 117
10 403
181 676
889 208
59 815
799 266
674 600
993 214
46 460
70 634
479 809
892 866
891 690
61 432
425 319
326 847
665 207
958 85
38 790
972 356
751 994
151 13
884 63
991 350
513 365
381 270
265 839
761 401
410 395
469 733
120 182
242 725
180 43
33 381
921 514
802 151
316 564
332 659
28 427
662 915
801 128
841 810
604 898
113 430
872 275
117 948
102 39
72 104
580 254
590 75
537 73
271 274
660 859
623 991
443 495
786 679
153 86
611 396
927 724
604 786
548 99
847 627
297 933
464 181
620 750
931 739
344 715
768 619
376 85
884 852
11 811
251 82
193 285
336 643
107 299
872 599
980 671
638 865
941 765
677 377
220 771
548 344
646 194
892 783
413 681
193 21
40 355
429 959
875 740
100 768
818 403
638 949
360 504
621 792
910 321
213 503
202 17
508 322
79 966
669 579
842 211
414 399
612 371
254 162
509 81
515 919
64 39
108 704
46 139
18 894
795 695
354 490
120 11
900 895
357 200
885 688
652 117
74 940
755 687
989 738
19 216
813 881
619 589
997 868
703 600
95 317
561 891
183 949
674 977
679 17
252 794
450 623
434 883
612 502
124 872
475 602
59 770
289 549
276 830
51 441
415 218
975 140
167 756
423 987
80 307
210 634
547 138
110 295
258 663
140 775
116 896
154 929
44 937
317 832
649 523
692 169
810 142
975 134
91 841
755 545
206 801
44 699
80 985
336 30
527 904
800 68
913 332
111 885
548 900
415 991
204 977
500 568
783 420
765 961
167 275
688 977
522 725
81 361
199 711
449 436
705 845
779 388
159 175
130 54
215 366
65 830
926 527
174 877
867 116
239 746
243 190
324 483
181 570
187 315
794 711
173 926
505 618
330 701
582 722
520 992
952 895
330 822
283 156
543 284
541 207
963 87
298 838
353 877
253 720
378 946
252 762
208 225
339 708
679 224
758 280
827 506
133 334
330 65
159 399
930 661
649 437
450 208
964 903
31 560
416 765
621 597
455 630
962 334
456 633
141 913
984 480
579 525
738 790
113 156
966 366
747 754
913 583
11 511
100 877
71 111
673 734
992 806
72 158
928 178
723 624
559 966
722 683
170 589
385 567
181 248
87 482
114 28
979 281
762 446
283 115
509 884
999 861
355 412
943 890
233 330
908 912
360 666
567 818
300 710
916 84
654 51
850 415
102 361
390 843
36 341
368 724
423 150
671 607
497 282
151 917
217 853
184 905
183 252
451 392
447 428
699 629
551 625
255 506
122 715
497 215
636 876
435 94
332 900
845 718
108 13
920 893
444 127
304 864
542 712
74 992
668 10
380 944
823 968
204 357
779 150
986 714
280 203
225 974
956 898
983 825
693 166
210 568
264 972
921 54
967 473
956 202
33 261
902 478
966 955
496 619
396 894
450 767
888 92
883 16
889 692
383 981
394 855
704 573
708 177
777 781
486 955
972 797
598 88
198 848
940 945
645 38
821 992
673 868
887 691
240 624
159 800
652 602
788 453
198 613
907 587
368 540
915 655
719 644
117 42
868 862
776 396
376 214
348 666
458 570
968 946
648 182
160 841
744 539
194 363
275 452
328 635
97 611
825 741
90 792
771 960
752 539
630 220
401 735
57 836
879 451
920 103
953 447
302 125
60 11
112 889
303 160
583 914
445 918
913 703
300 187
569 811
662 818
65 621
853 874
294 747
117 166
163 56
414 901
76 989
457 585
743 246
45 859
869 112
411 442
904 813
825 288
233 86
387 426
525 497
863 41
345 481
936 957
36 580
463 882
368 799
116 157
161 520
225 201
591 141
783 840
960 703
813 800
64 540
982 681
774 188
137 753
151 130
631 112
773 565
193 707
908 672
674 384
750 911
994 311
193 437
532 213
940 497
992 889
767 117
229 657
797 833
399 575
378 252
767 472
760 467
382 296
97 193
759 856
632 34
543 428
770 565
249 466
829 698
743 585
777 242
382 818
864 245
267 290
481 324
188 701
489 746
192 158
670 585
772 757
833 43
685 579
383 187
865 934
461 371
109 34
34 309
48 777
685 679
186 896
907 135
371 913
129 976
876 452
495 269
969 718
721 716
768 627
749 721
747 363
348 433
79 158
226 212
416 953
967 527
855 186
879 127
722 823
510 252
420 17
181 971
77 679
843 141
826 838
890 816
574 485
998 279
797 877
200 383
690 549
979 885
558 788
87 126
746 719
206 420
219 622
239 585
997 971
145 648
187 61
102 234
793 52
912 658
122 346
190 228
492 669
13 663
262 42
32 168
424 981
565 615
251 344
335 917
346 456
143 381
492 179
139 77
419 508
675 29
799 590
715 583
938 805
640 173
593 597
389 164
926 457
96 214
36 245
595 460
923 107
383 696
45 154
103 854
26 757
780 51
523 580
382 283
61 687
384 198
777 726
623 283
392 975
881 433
906 232
578 578
380 658
433 112
512 638
370 965
924 990
132 347
828 597
184 110
611 648
134 681
166 977
415 184
305 658
74 783
19 175
68 563
556 949
756 166
308 844
649 546
141 85
437 755
792 714
404 14
674 201
671 423
958 522
609 665
341 396
564 493
661 911
352 763
884 66
15 12
433 110
314 387
255 583
749 402
933 749
783 963
211 894
122 726
608 257
954 908
996 10
22 486
964 686
856 772
919 216
828 849
642 683
260 148
346 675
768 915
933 161
118 504
833 656
852 141
967 847
253 648
855 593
665 136
133 386
901 145
117 825
679 277
941 851
670 886
497 258
576 393
715 134
962 919
465 926
284 473
572 638
564 405
284 338
344 784
419 663
770 620
99 242
906 339
297 186
939 749
68 276
901 91
136 542
873 238
195 153
547 477
408 66
109 105
314 64
415 735
71 183
748 707
862 173
408 829
757 407
711 975
591 754
423 411
634 642
939 508
614 84
42 444
113 525
755 638
306 120
303 625
732 430
942 555
448 436
199 119
580 598
85 150
826 698
302 593
307 432
949 682
71 182
199 459
138 903
211 790
619 919
171 865
585 471
443 838
978 573
454 272
380 39
630 15
325 308
422 69
370 206
77 985
707 521
192 363
876 405
534 181
656 111
91 439
588 494
871 576
825 748
516 159
209 125
130 306
388 46
479 116
492 995
200 277
821 641
555 244
757 617
581 117
441 564
185 719
523 319
906 239
55 141
501 839
461 901
28 20
636 774
515 446
119 436
150 37
433 244
325 913
989 27
316 166
620 63
360 561
904 243
813 762
55 325
242 891
697 188
688 524
821 128
673 561
911 77
924 622
837 205
189 10
822 125
985 694
545 105
438 646
517 946
311 203
671 216
301 19
505 905
787 886
394 973
524 105
704 720
499 545
685 610
603 630
202 185
453 124
382 478
854 250
823 129
248 332
603 455
677 867
518 505
526 508
334 218
463 564
664 460
694 104
447 173
60 566
400 434
475 713
881 571
522 257
140 987
975 227
540 340
916 91
914 697
388 744
821 69
518 101
806 518
105 301
178 602
651 535
230 31
862 652
145 558
978 97
636 712
118 352
603 641
249 657
80 266
151 669
834 384
309 501
193 863
944 640
828 212
197 765
527 946
428 955
856 892
449 384
42 544
679 433
733 454
291 262
914 368
576 595
554 206
607 280
1000 889
66 383
28 500
898 298
310 263
333 729
247 945
623 76
879 916
400 937
245 924
199 16
469 938
988 757
828 877
203 225
465 316
475 700
588 749
919 978
629 351
381 405
564 160
265 247
892 505
126 281
251 276
173 61
803 602
147 747
724 202
559 581
216 412
598 632
813 887
695 689
877 614
473 239
670 246
989 644
819 221
743 795
178 712
484 700
633 894
448 460
983 387
346 163
474 275
741 301
739 460
970 641
665 642
616 804
139 648
543 817
267 269
665 710
979 482
551 336
27 425
741 598
239 47
947 781
453 585
387 822
565 65
710 927
903 874
303 786
967 636
772 165
531 364
833 845
571 474
897 273
64 995
847 722
678 376
145 801
800 458
145 414
39 310
486 300
750 473
162 116
856 618
866 19
191 427
613 777
888 254
779 108
725 746
415 649
249 488
712 656
106 937
810 469
876 11
568 285
488 198
230 749
922 775
799 860
733 222
521 177
467 98
536 249
836 707
687 256
115 43
240 957
948 456
162 680
651 388
750 218
559 595
53 140
458 71
782 136
241 984
237 450
915 773
858 543
588 970
867 279
140 156
519 758
522 746
31 857
993 702
64 872
79 592
616 992
468 474
71 724
513 724
509 352
158 529
930 809
503 837
433 146
996 817
523 920
643 707
820 671
673 437
17 767
258 375
234 846
907 453
846 416
835 48
627 238
699 119
44 398
463 778
838 329
525 172
910 824
17 911
325 778
478 897
149 867
959 780
964 944
229 388
508 476
18 784
688 772
833 392
35 294
214 133
949 126
380 123
923 160
902 931
856 243
168 36
692 59
64 192
506 427
319 277
674 317
781 877
883 699
137 51
110 520
725 822
117 837
802 385
209 125
740 451
266 743
757 342
492 652
527 992
909 287
973 342
279 51
867 296
94 425
66 212
178 468
350 281
44 908
695 669
253 935
763 447
957 571
45 411
942 875
776 26
995 54
208 650
604 705
685 226
575 473
50 169
427 891
873 348
960 398
694 820
195 310
986 949
675 650
486 586
223 789
130 214
699 483
747 457
708 259
306 522
495 592
486 628
435 263
630 625
105 538
783 609
682 19
933 817
492 26
338 468
877 618
478 237
743 379
988 588
267 193
765 585
100 280
701 545
81 660
809 69
972 742
270 677
225 603
781 759
247 693
679 42
106 96
532 841
422 765
204 755
234 471
118 880
401 734
378 783
261 972
644 705
905 219
493 449
956 239
308 940
915 903
198 166
314 12
712 171
124 927
33 313
842 961
706 505
163 36
743 676
316 681
77 320
823 70
250 139
472 698
642 969
225 166
113 317
262 680
891 611
709 208
116 107
84 426
617 113
404 38
200 452
833 766
675 449
208 445
610 568
448 652
205 324
918 32
34 647
741 144
43 214
766 701
963 500
22 164
268 589
814 240
788 519
530 964
919 280
777 47
94 176
738 163
783 268
958 464
71 998
749 133
864 105
595 797
618 993
99 916
542 925
118 906
69 659
937 618
413 681
884 610
372 757
991 983
24 521
122 59
294 196
100 59
373 609
635 813
587 48
792 198
950 25
738 185
220 248
747 492
575 889
478 337
235 63
942 707
920 69
96 577
456 349
221 793
543 695
995 476
827 986
887 234
486 708
716 982
436 521
428 437
854 315
638 519
864 345
725 940
713 568
952 132
882 393
601 999
415 830
789 195
347 75
110 817
166 269
302 234
653 166
908 955
688 962
347 678
719 530
665 819
50 485
476 684
55 982
133 969
768 727
484 348
168 832
543 782
529 283
186 176
563 56
797 268
889 558
192 444
542 768
494 338
283 860
337 1000
144 544
433 395
701 920
814 648
380 496
798 210
21 629
694 108
412 561
553 533
91 827
16 265
918 79
652 238
468 786
33 677
388 431
52 514
164 539
467 594
364 64
68 186
66 654
981 476
520 776
426 959
970 571
472 596
727 582
90 194
220 365
954 944
342 816
832 937
339 840
628 410
830 842
825 223
827 361
459 21
863 486
645 627
144 552
683 400
442 510
493 481
131 306
922 614
224 702
544 117
286 682
522 707
422 459
485 229
201 605
890 620
167 98
131 791
760 181
405 369
406 660
726 906
815 661
292 637
356 687
604 492
848 456
564 876
337 441
827 182
440 101
548 29
975 936
800 823
192 583
167 480
574 874
836 264
561 364
131 580
651 241
571 460
411 340
974 664
229 42
758 357
49 190
863 743
951 82
268 428
75 306
905 227
56 955
230 59
623 794
423 611
608 361
879 442
276 252
995 236
808 100
443 283
805 989
506 707
598 686
287 64
63 262
298 696
974 80
999 899
564 340
35 371
266 824
105 704
977 44
250 901
235 693
406 143
786 616
918 457
353 951
360 732
377 945
926 929
456 188
500 392
71 225
378 736
315 11
238 461
513 867
775 699
363 710
212 973
946 72
869 241
265 544
23 354
84 979
918 903
20 669
576 557
65 825
267 156
608 98
799 550
234 982
307 130
948 193
601 571
397 199
594 795
166 375
229 165
826 604
89 522
451 849
806 334
705 947
517 472
678 42
663 357
579 891
865 308
295 952
22 20
355 731
939 275
765 148
146 362
722 26
669 484
798 270
89 740
888 633
881 605
41 598
124 861
730 596
152 145
782 82
742 792
990 350
253 654
852 802
448 771
63 246
390 799
216 327
382 981
726 739
614 137
559 280
322 710
973 974
192 569
640 521
338 19
186 791
890 432
334 571
880 193
796 870
254 804
133 756
86 448
485 915
967 360
107 771
163 651
762 106
699 848
879 953
152 86
217 186
233 49
763 458
248 922
612 943
570 323
343 14
891 951
432 255
451 261
529 295
392 936
847 32
762 636
371 650
777 141
58 84
543 914
799 329
136 727
1000 921
118 810
516 507
365 442
641 889
661 797
155 407
710 631
673 532
288 81
832 913
337 156
669 87
584 94
534 595
188 633
648 707
821 258
967 491
722 542
767 167
