70826 8378
97
115
351
321
394
325
201
151
240
345
97
133
245
285
333
94
289
189
70
172
114
128
200
242
335
283
63
371
275
204
56
281
148
333
260
77
130
312
213
32
352
296
359
351
181
145
75
215
158
273
347
347
323
205
290
338
205
95
130
75
244
383
328
244
294
212
321
327
187
61
383
112
357
171
327
321
65
277
188
102
55
119
110
191
201
94
335
117
269
389
13
104
212
203
93
18
248
302
226
382
130
339
396
92
353
77
33
69
243
188
119
337
63
188
234
363
81
45
334
399
37
14
157
63
117
154
58
357
119
106
14
192
200
154
303
385
384
349
149
58
96
64
121
384
60
369
168
136
202
298
237
124
189
56
128
345
312
107
263
197
71
282
364
247
176
22
304
350
70
277
138
337
268
47
143
343
204
81
29
310
295
272
15
97
114
384
41
126
154
269
150
247
181
46
122
195
295
236
241
286
304
356
311
353
344
328
320
90
368
302
381
204
174
281
351
338
204
138
179
281
48
261
54
364
331
103
273
162
221
331
176
88
196
155
200
355
388
294
189
359
118
252
343
196
382
196
120
336
229
79
325
318
123
73
90
33
276
289
15
78
295
27
25
242
327
50
15
207
305
311
120
362
194
242
147
172
48
93
153
259
187
280
12
10
387
198
18
333
314
56
194
221
333
65
358
126
385
25
117
191
220
122
106
227
260
199
227
344
102
358
309
224
233
94
12
56
270
279
223
348
346
388
307
362
175
231
259
40
176
351
343
316
305
52
142
319
351
153
191
219
49
147
191
123
25
20
355
82
166
128
274
229
304
317
359
260
385
363
238
90
51
369
27
181
368
147
81
235
172
117
80
71
64
288
159
232
146
239
319
128
197
224
34
396
292
360
337
214
323
129
106
88
243
332
222
50
257
48
108
87
223
197
118
125
221
29
207
286
340
85
284
259
181
224
57
371
13
93
259
191
337
217
70
74
257
63
187
383
290
262
110
67
360
342
266
10
194
193
318
145
262
107
316
174
358
79
317
37
223
348
12
135
317
255
314
358
53
54
40
94
46
397
144
278
241
192
252
325
390
385
387
397
57
128
116
211
245
384
44
101
65
371
340
361
100
301
184
146
189
160
360
398
331
184
138
248
67
48
140
389
240
108
387
93
102
30
124
263
161
393
59
199
242
381
112
333
240
326
245
114
85
88
178
153
34
232
300
382
384
343
287
133
121
105
158
93
29
27
397
150
88
382
317
161
121
183
224
28
161
195
356
288
94
234
236
54
309
329
226
120
291
357
343
352
284
132
106
52
368
60
361
397
97
398
338
137
169
163
308
16
282
149
400
124
109
120
255
247
373
150
373
396
298
140
167
195
58
207
224
260
186
49
60
275
46
271
109
26
127
304
43
298
70
356
352
306
95
321
16
207
238
367
364
240
108
292
230
386
368
55
307
337
102
317
139
235
359
96
170
293
348
34
392
386
302
288
172
193
352
206
205
381
361
365
212
102
387
310
129
290
197
368
373
171
148
97
114
149
387
101
17
210
101
15
26
16
49
118
345
127
112
218
356
178
288
166
305
25
186
267
38
285
123
312
232
241
196
85
263
257
359
62
204
112
342
66
86
27
61
26
14
175
322
33
186
249
302
91
80
122
105
331
331
356
318
358
188
255
48
120
218
132
93
381
148
212
275
347
290
281
263
269
160
37
345
66
343
341
191
76
223
44
327
56
352
132
325
42
37
331
140
66
99
277
193
210
194
395
243
235
315
313
16
109
381
364
83
264
215
186
297
235
201
80
198
327
13
143
42
102
352
177
301
333
342
256
247
336
177
304
323
383
279
23
340
265
92
132
93
116
60
332
334
368
372
385
46
387
174
388
225
150
41
191
147
58
55
174
191
195
123
210
275
337
49
102
145
217
183
11
107
71
136
356
206
92
139
381
108
265
117
125
101
169
347
311
101
203
394
122
132
292
91
195
295
312
176
269
275
373
358
139
399
196
148
277
220
396
14
323
226
46
353
158
305
198
196
359
279
310
147
79
18
130
285
51
106
326
60
38
121
239
248
365
200
300
61
254
132
387
104
54
357
319
140
358
386
43
60
23
395
45
383
166
126
190
328
274
91
215
186
387
143
300
364
333
70
352
72
169
303
251
202
12
337
52
381
158
173
229
365
205
221
61
59
303
163
234
345
64
233
363
356
110
190
192
26
62
13
176
384
370
197
14
245
87
192
37
320
390
42
149
95
65
343
283
71
337
46
56
295
53
266
266
326
63
175
14
229
255
383
13
170
40
253
51
24
318
296
389
123
393
105
81
243
373
102
148
372
187
164
93
361
14
32
53
280
347
338
101
261
388
323
394
361
101
381
322
177
102
194
91
394
115
11
352
399
184
101
229
212
159
112
45
137
271
102
23
114
355
357
161
323
345
11
303
224
265
303
156
387
347
78
205
101
268
100
343
199
294
18
251
326
249
251
198
288
94
107
91
188
198
389
82
96
279
302
219
107
182
301
307
189
388
210
52
250
253
331
64
282
387
302
367
381
188
114
156
169
76
119
192
307
12
331
72
388
381
185
180
183
325
35
96
276
265
307
313
25
34
51
94
166
367
194
108
63
211
122
392
344
64
339
320
273
308
284
223
32
383
280
206
138
173
172
252
12
373
326
53
318
200
43
160
234
310
202
36
385
53
312
85
308
74
178
381
37
315
68
130
78
208
94
52
113
293
393
243
53
105
16
107
109
243
263
337
151
58
244
251
122
134
10
215
34
152
92
87
49
17
226
277
187
170
342
330
154
293
326
222
143
132
170
364
31
248
263
27
371
286
119
398
297
90
140
337
232
305
159
304
103
200
105
290
180
175
151
26
365
36
399
307
367
51
120
175
58
288
315
319
125
147
205
239
368
216
14
81
368
222
108
344
373
15
22
395
331
108
341
363
296
133
322
102
118
151
111
253
225
336
42
53
384
215
189
153
76
76
196
361
396
249
92
248
174
170
282
23
172
166
320
321
301
43
358
134
318
35
114
131
364
367
56
135
32
187
265
301
233
17
156
283
188
162
229
265
381
342
189
47
252
312
303
231
289
202
179
136
85
95
257
372
297
42
171
37
256
262
237
304
147
361
190
284
381
86
343
123
400
119
284
50
385
124
123
328
56
184
266
160
230
387
277
357
321
290
267
265
381
13
51
70
224
373
83
107
69
33
306
370
175
299
226
383
59
102
297
354
61
397
92
170
152
103
184
98
271
185
170
330
281
318
354
54
347
143
351
385
263
114
104
141
94
271
329
27
217
252
67
382
45
210
245
101
385
262
68
385
338
124
400
173
312
363
318
58
178
255
384
208
262
215
204
278
120
362
150
14
52
362
136
33
179
102
365
126
36
316
215
134
25
245
23
350
23
112
227
113
38
87
97
111
97
259
321
146
335
129
125
280
93
269
76
349
57
384
354
112
175
215
142
229
278
200
50
162
236
109
133
164
155
207
172
286
209
31
261
391
368
113
138
155
52
311
70
182
18
320
188
103
43
162
142
133
270
197
361
274
388
309
185
385
33
355
307
383
214
177
106
44
119
252
250
187
319
44
175
258
244
76
135
124
95
398
120
337
384
102
150
396
373
111
398
352
94
110
116
60
138
362
331
62
317
125
383
117
225
107
192
200
203
213
197
59
347
308
332
134
75
268
390
258
107
371
269
63
342
142
233
390
80
384
138
29
57
206
387
382
263
246
389
70
27
141
346
329
39
73
361
160
83
185
120
211
92
92
302
278
325
118
116
270
98
29
284
171
337
255
211
148
96
196
132
201
127
75
350
141
309
335
163
15
174
330
397
198
367
247
364
186
219
180
251
342
225
276
126
209
371
352
142
310
131
309
280
86
162
146
321
306
386
88
354
390
260
241
87
42
110
53
309
58
251
57
322
277
264
400
316
389
364
140
225
139
384
241
256
271
57
230
274
118
135
357
342
210
209
396
68
217
386
76
19
213
19
56
392
181
13
90
210
59
116
258
304
70
113
310
99
235
292
205
312
31
61
293
398
299
197
284
224
160
268
125
277
188
82
339
64
356
216
289
299
90
212
137
191
87
326
24
225
228
96
280
78
202
21
133
232
163
65
236
205
187
158
392
135
381
11
134
322
178
13
316
17
218
161
286
83
192
117
310
339
179
302
32
107
101
156
105
155
108
87
305
144
304
161
255
253
344
359
154
274
280
163
236
328
234
122
361
121
165
176
317
139
52
227
27
385
125
241
387
108
258
201
19
312
350
173
271
387
293
167
306
239
72
155
248
84
207
101
198
220
164
143
308
397
15
16
297
110
355
206
265
200
24
143
204
266
41
316
335
346
240
64
202
251
117
373
55
338
259
152
293
112
340
47
270
33
178
265
109
66
260
312
213
38
29
127
210
255
142
242
182
382
260
128
229
85
289
94
141
98
98
14
132
121
212
64
373
389
157
282
36
40
202
400
147
309
364
120
214
77
352
382
177
296
352
182
357
22
387
113
155
241
15
362
21
155
269
344
249
346
221
330
314
286
239
382
384
173
137
41
56
76
172
102
187
116
188
343
245
35
116
268
85
91
27
195
17
80
249
204
382
366
239
55
44
306
81
115
357
312
303
144
312
212
301
298
233
202
28
258
82
351
268
341
181
30
224
200
202
256
93
22
213
95
67
120
116
223
273
339
95
291
192
74
162
23
235
143
28
90
332
212
169
391
294
370
370
320
35
174
260
13
173
140
68
101
115
384
180
331
292
137
385
245
304
41
156
235
308
400
133
200
27
173
117
235
28
107
129
137
300
61
227
172
106
147
370
297
292
192
29
155
236
50
76
300
296
367
295
86
242
362
17
392
202
226
299
43
319
208
119
296
139
281
300
72
354
188
26
208
96
26
161
286
134
384
303
209
394
347
93
286
157
76
385
343
209
35
308
167
384
322
41
237
208
219
47
202
119
56
197
398
259
183
167
291
324
293
46
214
86
111
118
151
190
53
118
187
149
195
60
151
84
91
12
267
214
178
254
20
167
156
298
315
247
27
176
337
304
346
297
351
112
116
74
365
264
180
140
240
364
270
341
245
386
304
97
108
176
73
115
136
152
96
286
181
240
329
256
186
59
382
387
24
385
393
366
336
196
281
243
30
251
363
102
31
56
280
251
253
185
33
283
157
61
282
308
118
130
137
146
177
211
348
358
181
298
118
221
384
276
190
46
20
283
309
227
267
112
400
14
52
179
370
81
21
82
39
216
326
201
341
328
131
51
106
346
136
71
150
18
78
206
98
74
35
351
108
79
270
100
125
220
266
268
369
202
398
167
387
210
318
268
137
185
128
139
145
364
23
27
306
238
134
280
128
318
87
230
159
312
76
362
384
14
369
90
105
237
381
229
113
298
311
132
45
385
382
202
301
395
173
284
28
15
19
262
248
334
236
43
255
142
151
302
19
400
357
319
231
67
48
242
167
131
71
136
104
220
397
268
58
98
193
19
112
72
209
113
121
343
26
324
385
107
314
252
32
308
180
62
60
298
272
182
338
268
316
118
30
161
26
309
69
343
144
206
386
396
383
224
356
337
167
16
320
12
72
184
398
133
399
360
76
184
134
340
382
323
164
83
266
274
385
306
107
240
267
194
13
383
139
398
246
76
225
283
86
389
341
257
160
19
120
304
185
356
102
140
211
211
204
138
129
143
347
203
156
18
328
182
33
55
113
92
373
126
182
259
154
86
87
161
246
280
40
81
92
214
185
320
270
117
109
368
138
349
337
318
32
194
327
199
60
180
371
34
113
193
161
137
23
221
50
119
143
232
138
338
172
29
321
153
353
367
218
353
312
257
329
92
185
82
78
157
136
338
361
119
225
244
174
69
373
30
79
293
235
240
293
240
313
399
171
315
82
115
301
249
131
153
134
234
289
138
55
15
20
143
384
233
349
64
106
346
114
133
311
256
174
202
302
167
317
384
58
221
92
121
104
44
317
33
88
218
65
317
136
373
91
381
89
155
77
231
101
336
100
320
280
160
42
219
173
201
371
324
208
112
167
323
101
348
14
238
400
320
400
189
11
95
135
19
395
49
177
365
302
91
27
255
21
355
105
72
169
382
101
368
130
155
126
206
325
298
332
165
284
227
103
324
211
33
270
114
234
196
41
314
209
235
354
356
61
155
299
182
331
145
165
139
353
98
182
131
233
287
303
394
153
192
227
158
131
396
335
344
251
289
314
386
210
258
146
117
279
25
53
313
302
202
122
14
147
241
328
186
40
13
342
35
365
184
349
23
387
30
385
240
164
41
256
130
104
353
204
81
281
138
142
205
262
135
281
330
210
51
286
51
188
117
188
335
154
88
307
11
327
92
224
81
283
68
149
126
201
39
353
278
241
388
173
109
52
278
203
315
187
172
282
173
299
254
55
86
27
119
80
350
265
321
111
93
209
334
42
274
41
179
80
227
177
253
373
200
110
36
123
293
248
222
189
272
331
151
189
313
38
285
383
95
296
38
132
133
89
276
241
337
386
45
95
23
363
60
223
35
89
187
354
301
86
233
368
39
339
320
119
334
172
243
381
73
337
48
191
235
145
45
270
221
143
300
166
119
229
292
253
329
336
69
217
66
151
192
298
268
223
148
343
240
165
222
59
327
213
46
53
324
205
160
149
385
101
102
207
281
129
105
268
259
258
328
265
303
74
183
110
198
20
34
344
180
343
115
65
218
98
282
232
149
211
352
31
189
45
344
248
116
355
147
273
82
172
325
183
76
91
356
320
176
388
64
345
398
21
44
69
381
138
118
386
177
292
320
192
164
358
369
101
296
367
138
107
144
131
258
390
343
15
290
114
146
19
302
354
350
279
263
191
384
284
74
209
314
233
204
36
373
236
136
40
125
163
50
360
152
25
109
381
116
387
37
311
82
87
250
350
366
279
32
249
132
45
287
130
228
261
398
385
73
61
298
210
292
372
106
201
357
352
188
350
381
391
271
252
41
250
97
336
208
21
184
383
355
166
213
382
308
65
282
39
381
197
28
182
230
320
351
36
304
280
19
78
249
109
125
399
83
35
72
294
331
123
258
265
46
72
382
207
85
58
229
222
263
302
98
307
43
122
281
36
253
253
84
245
387
350
117
178
245
90
291
56
305
184
107
176
198
252
230
90
96
90
202
292
189
287
316
54
397
340
228
59
260
177
289
186
69
241
52
112
360
124
228
382
286
239
359
37
398
29
205
125
199
268
138
359
364
273
14
217
150
353
383
46
286
249
120
179
135
209
85
94
316
66
119
11
132
210
177
167
220
222
237
12
13
145
184
37
302
361
323
123
387
194
129
231
271
208
144
389
171
74
61
86
270
137
85
395
399
47
55
391
73
184
337
293
104
183
171
353
348
15
111
326
119
234
302
53
141
308
93
84
17
147
292
205
47
49
210
97
345
365
294
312
194
253
58
145
384
43
85
200
176
158
373
144
361
75
255
29
290
51
271
291
395
169
170
249
280
305
65
191
206
148
85
177
392
271
189
300
396
280
342
29
229
250
248
319
238
165
203
42
207
209
243
193
13
350
65
109
324
26
218
355
299
98
262
42
17
45
252
274
324
305
140
278
390
66
252
209
130
199
350
58
32
135
156
204
74
357
282
38
299
67
30
300
272
48
266
116
147
308
94
344
367
124
121
258
235
233
212
305
57
290
16
289
81
56
185
36
351
289
210
349
107
211
114
354
382
227
373
353
83
372
13
223
387
30
107
68
388
21
264
53
64
386
22
373
361
277
182
385
207
158
389
57
350
135
143
282
342
96
178
200
304
272
10
174
76
345
388
268
134
395
22
384
61
340
70
48
40
354
205
134
38
305
295
48
223
383
153
20
241
341
339
263
97
316
253
115
198
219
115
253
39
203
43
76
389
166
113
240
156
219
178
384
179
28
138
112
340
286
152
301
118
175
392
78
85
250
119
111
33
387
400
36
77
15
64
297
171
197
319
230
33
257
21
264
26
197
187
355
15
367
46
36
89
324
316
314
324
23
195
237
312
338
385
358
268
216
391
105
62
206
258
269
400
214
179
365
65
168
100
241
388
398
159
255
317
74
333
236
269
138
386
66
306
237
331
258
115
217
204
302
31
328
87
73
25
118
180
195
259
83
288
86
49
278
134
130
325
393
179
116
269
371
236
274
106
329
168
318
201
168
19
340
11
363
178
224
166
10
127
384
373
370
357
226
396
190
50
175
244
43
20
205
119
223
62
49
94
319
246
226
305
59
25
319
80
145
64
34
251
95
83
386
151
109
69
116
370
179
173
170
241
22
29
338
81
348
207
173
121
160
121
370
395
134
112
92
265
218
315
125
63
329
176
96
239
107
226
122
308
324
55
338
235
101
144
350
83
228
97
60
351
367
282
246
310
231
235
295
269
334
270
155
129
366
357
207
43
356
224
37
21
396
383
345
124
259
355
137
310
371
388
194
362
187
60
166
128
223
382
331
21
183
239
288
224
184
372
192
356
283
217
364
371
214
222
394
289
53
290
16
134
277
123
273
369
295
131
216
180
275
395
400
319
29
123
279
299
342
142
155
106
392
270
30
151
107
128
38
330
241
181
341
363
322
246
314
244
252
43
345
277
232
241
116
391
255
332
182
103
393
298
24
29
84
369
184
192
162
367
274
76
211
319
103
190
334
232
21
181
397
335
61
381
381
228
79
233
227
392
287
192
102
285
308
47
324
12
152
127
386
202
389
210
185
198
135
267
73
230
98
224
319
120
67
53
292
150
210
11
393
95
127
176
215
72
51
33
166
181
140
286
184
344
363
133
170
248
73
393
342
274
286
11
136
251
329
50
140
233
169
18
261
91
265
57
296
320
367
348
336
349
351
383
386
11
312
29
55
164
22
49
48
72
307
320
359
47
180
147
342
126
260
321
190
42
230
208
270
191
248
124
386
125
151
276
396
132
173
178
195
68
385
393
83
373
60
74
139
290
226
338
278
382
356
326
100
337
257
279
60
396
281
129
90
61
104
315
277
75
104
83
74
38
139
398
29
77
288
161
277
253
163
337
179
101
368
381
278
95
258
122
64
31
109
225
22
131
76
313
100
111
270
307
281
319
187
111
293
44
339
60
154
149
135
97
304
198
358
191
273
55
68
251
279
69
61
160
331
20
233
87
94
357
162
393
111
94
10
150
134
106
383
200
82
58
163
398
261
96
66
241
166
30
325
57
355
387
13
180
51
54
180
275
54
156
36
228
179
132
248
235
333
17
334
309
344
75
358
60
335
99
312
98
262
206
259
102
123
318
302
43
235
304
316
214
55
178
366
302
273
106
357
266
174
322
187
78
176
346
55
84
279
109
259
77
339
311
238
249
218
38
136
218
32
45
219
78
80
218
383
211
269
58
310
206
163
174
226
33
218
186
226
128
117
327
335
214
239
64
52
336
41
237
165
82
238
254
395
119
287
302
278
87
242
130
24
83
387
71
47
271
329
384
120
218
296
248
189
353
338
127
335
87
110
181
166
398
284
260
297
226
217
371
227
213
302
369
26
154
144
213
291
20
270
11
349
361
228
307
196
257
213
241
358
274
368
394
145
327
249
386
177
137
31
332
301
84
224
370
158
32
87
104
135
397
45
67
385
211
204
168
190
212
298
105
290
154
286
11
134
359
290
263
68
390
339
64
205
73
16
10
219
192
65
34
190
400
79
55
221
229
394
225
181
340
71
161
357
53
232
247
192
116
114
106
92
13
178
363
163
305
44
179
373
130
102
93
110
370
304
228
202
39
383
137
167
121
339
128
128
42
281
364
226
48
313
90
17
14
238
352
161
178
203
194
352
65
311
386
211
314
330
279
317
228
357
264
249
62
151
323
90
276
74
217
303
352
331
117
339
281
193
121
133
317
386
151
319
147
284
292
274
247
37
92
276
275
167
227
199
129
44
129
244
338
333
389
179
266
73
273
225
388
194
381
151
77
194
354
400
161
78
264
341
90
290
311
237
238
161
252
258
219
192
254
26
178
129
144
123
217
382
318
296
302
386
144
236
92
204
362
46
28
240
238
386
67
270
110
150
236
123
215
64
176
285
188
201
397
181
193
383
188
95
299
395
152
350
340
195
395
293
252
68
302
245
227
185
316
240
33
295
290
66
397
310
54
335
185
172
322
369
147
340
205
236
231
342
75
219
342
279
274
351
237
71
393
163
105
361
279
105
88
108
152
199
391
193
308
353
181
149
255
240
337
360
18
39
142
139
361
148
61
279
32
56
17
119
259
200
311
303
221
168
195
362
241
284
130
390
278
70
44
168
98
46
127
64
100
254
135
63
30
71
254
294
111
247
126
298
348
290
205
78
398
129
62
212
325
137
78
253
312
173
387
222
175
332
226
19
106
11
371
134
162
391
329
205
304
321
178
200
209
64
16
334
297
225
384
156
274
69
333
291
264
100
249
384
355
67
94
61
87
393
196
293
220
242
198
293
332
68
183
81
342
51
313
262
107
29
324
107
13
171
15
300
40
327
143
224
179
198
332
18
56
73
276
165
270
86
215
154
294
322
110
119
247
189
68
201
11
140
297
293
212
89
292
227
73
153
392
121
268
176
181
389
237
188
111
367
85
276
312
290
322
267
308
118
345
393
368
138
293
231
341
63
22
235
247
52
362
20
305
297
316
349
386
31
112
92
336
343
97
32
15
231
286
51
381
236
390
48
364
241
97
54
382
14
186
316
198
367
112
187
55
381
386
197
329
253
363
295
384
396
218
158
324
221
382
204
67
211
356
140
78
127
212
246
283
340
332
399
149
50
26
145
386
76
159
220
65
383
336
102
237
211
47
317
210
343
25
228
151
189
351
79
25
301
257
204
370
152
232
386
305
169
56
136
227
355
385
288
143
181
328
198
393
275
358
167
154
308
337
322
131
323
362
107
95
315
73
41
200
47
75
17
69
205
398
205
211
130
386
300
153
252
228
57
351
367
62
295
79
223
392
115
214
211
341
148
157
55
54
14
128
176
240
189
311
301
305
15
50
32
68
338
382
321
257
134
178
287
387
81
268
288
16
275
330
253
28
245
87
288
137
332
55
162
389
169
263
221
282
110
121
22
48
98
123
84
119
231
256
82
105
333
381
24
155
17
259
343
383
397
35
310
364
369
131
127
371
318
216
385
314
205
331
280
148
224
20
206
389
86
103
248
23
58
323
118
387
385
358
284
316
29
162
240
196
267
234
119
332
135
389
189
301
369
255
326
298
108
268
160
340
119
174
197
331
389
341
156
346
274
131
386
47
355
57
206
217
16
393
40
340
385
242
140
45
112
397
384
188
275
181
338
161
159
16
184
227
202
141
300
367
381
180
323
91
268
263
122
198
388
217
327
44
86
119
372
391
364
260
236
207
10
36
325
280
132
201
296
72
267
240
217
293
120
163
32
75
333
363
249
368
263
43
190
27
187
187
217
271
213
146
231
271
170
152
361
350
170
20
253
370
148
83
270
179
46
120
156
381
14
397
273
225
332
41
275
158
166
398
211
55
298
173
90
133
36
224
347
100
93
21
211
194
87
248
204
124
343
102
55
61
294
357
325
127
310
360
373
266
340
31
55
231
284
365
65
129
367
58
58
238
121
134
177
38
31
100
208
266
393
150
40
361
167
36
258
45
315
57
73
333
166
151
300
133
204
316
258
365
65
101
236
170
274
101
157
395
21
234
301
103
350
11
203
165
40
337
296
399
140
225
97
335
342
97
34
244
247
242
57
263
94
252
294
130
57
363
102
19
240
396
65
366
184
166
85
31
295
134
400
207
254
345
387
174
244
26
161
199
226
133
244
158
385
112
240
261
15
95
166
240
373
125
282
230
116
221
310
37
201
214
388
196
159
209
306
269
59
302
336
372
241
398
370
109
316
307
78
115
76
292
84
26
176
108
362
91
30
325
275
76
133
186
28
19
228
329
77
281
79
360
355
324
39
196
352
17
242
241
122
293
318
360
87
111
383
153
160
106
29
53
282
39
20
282
152
122
337
207
12
74
26
38
381
347
141
353
332
382
191
290
103
185
236
42
323
176
250
28
125
44
258
294
261
277
382
44
302
25
220
366
359
144
330
335
363
345
212
387
148
47
117
103
29
140
190
55
275
327
209
136
140
143
225
254
93
119
337
249
381
247
257
199
319
270
397
266
142
97
75
392
184
165
280
99
253
245
351
339
224
282
385
277
373
110
263
186
301
268
122
133
191
373
180
43
227
339
119
101
332
388
30
388
198
105
392
327
366
182
250
187
260
73
114
199
231
152
193
400
192
89
10
307
120
360
74
109
332
217
51
382
245
267
364
335
157
280
61
398
77
251
90
33
205
257
206
369
382
14
38
329
346
332
47
85
260
177
32
189
117
248
144
264
310
131
89
164
79
120
48
368
178
184
80
26
25
62
181
293
200
121
54
393
305
252
282
150
158
68
284
297
310
186
35
184
391
156
295
113
205
225
59
347
156
105
139
356
174
36
304
266
358
212
307
268
24
206
331
62
117
371
154
291
102
349
184
381
52
61
11
19
263
302
94
128
289
176
365
114
362
400
381
96
49
102
154
108
173
350
310
198
145
119
50
28
334
165
155
333
88
49
285
251
42
328
42
96
19
13
123
86
137
326
31
84
282
204
398
372
46
354
156
171
146
45
92
57
85
10
23
113
239
327
27
348
116
82
180
361
350
139
145
347
225
120
23
184
24
96
41
172
239
393
300
83
255
36
244
240
343
323
13
71
250
68
224
320
34
50
19
205
140
100
148
274
341
338
35
205
56
15
63
303
226
53
70
341
232
149
335
38
202
107
113
313
76
359
224
161
321
370
343
277
98
163
111
295
91
211
131
208
35
272
118
247
149
215
171
386
49
290
207
324
197
347
51
368
385
211
386
384
214
356
338
22
386
55
90
92
87
250
216
381
356
104
14
229
13
331
209
55
218
209
214
81
120
19
38
352
361
51
359
393
156
175
83
48
280
295
223
316
146
65
73
392
138
33
114
297
174
14
320
394
213
75
178
329
140
203
101
189
316
183
363
336
99
257
192
188
259
273
213
222
333
141
305
224
181
49
197
325
306
370
271
330
92
15
329
386
64
351
325
137
40
69
133
328
12
242
194
144
258
393
202
215
108
122
325
265
191
155
207
368
289
136
323
333
128
65
320
174
188
126
152
227
324
292
177
220
67
322
238
203
105
381
90
342
243
225
50
310
270
177
75
275
44
124
167
23
118
353
32
175
60
169
285
324
357
273
31
358
34
57
162
293
123
19
201
196
56
126
240
343
237
23
127
51
21
393
177
360
342
16
350
326
134
244
322
125
283
298
146
371
104
356
79
189
365
365
90
236
83
158
141
293
221
116
94
40
100
67
81
113
82
32
248
203
338
239
63
272
387
121
40
201
275
336
363
177
295
202
19
201
306
143
297
167
389
114
226
271
235
297
390
314
244
286
41
181
217
232
16
270
371
66
133
263
172
266
43
61
231
294
298
44
53
275
339
203
98
258
134
219
315
166
209
47
24
273
389
36
112
57
283
192
186
308
41
329
304
302
77
265
293
17
192
306
355
196
55
62
134
392
373
254
280
131
321
157
243
156
284
315
265
105
304
140
236
131
337
253
73
199
331
102
101
121
211
362
12
194
146
66
298
371
394
389
302
400
372
259
218
382
157
249
266
107
13
80
154
246
371
385
76
235
23
74
333
347
245
155
238
158
137
32
397
146
199
131
346
306
231
293
185
54
279
86
234
286
384
396
298
400
162
245
354
276
70
62
36
204
66
333
391
231
215
314
383
77
345
353
133
225
109
346
221
307
368
140
139
61
177
245
105
370
49
283
306
145
334
56
104
342
178
390
385
244
24
393
386
354
92
102
229
238
329
131
68
246
387
131
145
292
223
271
309
144
287
351
320
317
175
20
219
311
176
266
66
206
275
129
56
225
357
116
260
206
317
62
256
174
115
244
303
51
372
121
303
53
253
297
69
101
359
177
367
79
29
362
240
79
227
123
25
303
271
57
287
264
277
155
306
102
136
49
70
55
278
126
383
84
179
259
184
78
224
277
138
100
94
128
149
302
299
306
212
242
83
242
383
384
222
11
328
305
179
104
349
65
229
268
339
85
366
136
311
82
329
158
245
70
391
164
291
289
394
171
255
317
392
104
51
213
223
372
70
313
390
190
54
66
324
191
265
65
25
363
161
205
195
299
165
268
11
324
174
116
269
214
385
88
331
249
188
164
297
297
155
223
234
123
18
230
87
197
132
19
41
207
280
145
159
87
288
20
80
348
253
229
89
277
91
213
199
357
39
289
80
358
217
172
218
382
100
285
234
319
369
168
266
236
327
15
286
71
320
86
37
188
46
80
373
80
24
388
326
299
109
229
289
131
187
182
331
302
208
97
298
247
90
124
368
213
219
245
274
285
239
328
199
200
88
342
73
230
82
10
269
387
186
174
47
385
353
194
356
208
126
291
217
228
30
179
239
347
56
305
67
298
161
111
336
316
55
231
354
125
229
250
330
150
27
133
18
38
243
344
72
33
163
77
43
213
341
263
386
366
135
269
241
136
223
340
152
233
290
173
279
307
194
14
217
54
156
97
335
314
90
319
45
82
187
194
74
203
383
68
249
285
166
126
355
111
90
301
260
230
202
87
351
256
48
293
239
172
111
191
170
270
356
293
356
291
218
271
258
225
94
114
190
136
307
322
174
272
309
233
137
313
82
68
239
250
305
284
80
221
92
76
51
45
222
232
336
80
137
25
384
67
224
43
163
304
186
35
233
281
46
84
128
284
334
20
382
34
81
34
154
76
381
220
206
39
269
28
289
53
312
202
271
44
159
192
161
282
315
260
16
275
186
117
300
197
43
98
145
399
76
139
300
203
217
275
48
14
194
133
176
125
383
98
350
217
98
381
254
147
237
342
246
400
269
386
103
276
397
218
389
336
25
202
295
243
263
323
290
37
74
90
252
76
120
172
25
363
297
234
368
346
147
107
321
204
394
279
101
308
115
349
197
151
195
192
53
189
13
233
343
32
139
286
18
132
317
45
368
30
116
94
362
347
301
89
210
260
213
158
130
53
126
17
391
314
335
113
88
308
396
183
120
214
302
40
208
344
256
224
285
394
301
104
244
60
130
98
260
357
220
307
32
37
41
67
182
283
291
182
89
53
93
44
33
72
362
355
126
54
222
227
124
386
174
35
291
272
327
274
42
61
346
352
115
32
285
386
148
130
271
271
239
184
364
225
250
329
45
156
204
348
390
343
24
166
113
145
114
48
249
257
51
267
55
387
357
301
296
334
148
173
393
178
171
152
191
236
381
245
60
184
305
359
245
395
240
267
119
121
171
242
346
321
115
399
271
123
397
396
46
158
46
284
207
156
183
199
220
163
361
342
359
383
55
256
141
334
312
197
397
385
339
28
114
341
55
305
322
293
395
109
352
226
19
325
390
89
391
49
251
63
399
35
65
101
137
276
369
304
212
278
244
362
119
54
66
301
399
136
12
266
259
241
319
349
20
216
41
385
163
162
237
345
26
252
346
94
173
44
78
390
158
177
75
270
347
22
310
287
276
258
192
184
387
244
154
139
133
128
102
213
262
382
70
136
306
398
100
55
85
93
67
275
344
256
123
44
373
208
115
70
296
207
293
200
146
12
20
283
140
134
92
125
247
45
130
22
385
399
306
239
174
92
190
309
360
39
328
364
180
231
330
357
163
296
306
385
354
108
386
235
248
171
277
400
387
372
105
68
245
361
290
53
152
291
114
127
61
119
116
82
211
226
359
46
295
128
126
31
310
264
171
78
133
335
193
264
34
53
273
372
345
24
368
294
318
286
320
30
385
41
39
218
43
151
89
299
169
143
299
373
240
358
100
55
215
168
145
75
233
318
77
49
370
16
91
357
371
159
143
330
390
34
88
399
257
232
358
46
396
100
223
93
349
217
274
161
124
195
196
350
83
382
217
365
238
96
369
11
111
110
212
58
387
203
346
105
394
329
137
314
172
46
171
174
106
274
42
286
174
343
80
12
89
366
146
364
296
175
386
210
328
87
67
224
285
119
18
284
41
126
354
284
134
135
353
195
154
80
227
63
394
132
176
81
95
341
200
15
193
57
227
357
162
311
99
230
80
66
253
58
258
49
71
200
215
387
381
11
345
369
275
196
250
387
33
367
301
10
262
167
398
74
344
387
310
237
217
109
371
384
36
385
54
84
186
22
268
93
234
167
208
18
20
56
257
209
241
50
322
365
264
77
362
174
178
186
213
247
303
357
399
187
191
335
202
94
244
309
277
46
26
328
323
77
244
214
364
16
184
99
253
148
337
156
90
196
51
115
302
64
273
142
220
313
386
60
346
131
241
96
288
62
80
234
43
136
293
33
94
108
347
49
171
245
287
381
118
80
387
187
47
253
198
293
319
223
355
238
355
80
336
157
176
350
64
382
113
112
381
250
87
215
114
123
302
34
71
35
386
66
335
316
88
267
361
327
61
253
97
167
81
244
382
236
127
63
267
400
207
91
29
41
271
110
166
85
272
252
172
167
232
278
63
289
43
269
101
159
258
277
136
13
154
169
267
199
140
55
235
30
215
44
358
264
44
279
105
140
76
172
32
207
340
206
121
321
18
22
360
336
227
366
306
100
254
329
179
197
249
343
298
96
311
311
351
382
224
159
104
184
386
333
343
119
256
38
364
344
158
133
11
142
61
130
133
342
264
169
59
107
361
34
161
152
17
50
310
135
107
359
268
345
385
267
80
248
170
259
164
128
216
244
349
242
364
27
188
100
371
362
147
385
330
340
130
66
40
42
400
280
392
83
111
162
217
135
155
71
13
10
191
245
51
398
146
313
95
26
46
388
367
336
139
396
106
236
341
198
384
86
244
196
398
33
318
346
261
76
236
382
206
17
77
39
44
26
341
196
321
137
237
164
168
358
206
352
290
174
370
257
224
52
150
140
273
183
42
289
92
400
372
15
148
140
115
287
319
151
344
69
143
156
294
293
191
50
127
398
268
371
221
287
270
319
118
335
385
155
294
187
337
391
179
107
151
323
343
142
46
352
172
113
25
146
83
269
205
269
335
240
83
339
353
330
256
51
51
84
126
394
228
27
385
176
17
175
60
144
253
286
15
382
60
347
304
123
61
136
358
104
192
117
87
323
100
205
204
329
101
383
388
255
124
266
218
110
51
35
355
27
192
45
384
64
314
15
216
284
311
73
155
46
117
148
396
97
132
254
214
234
392
153
140
81
337
302
241
159
387
306
285
35
32
70
289
97
26
99
331
97
58
106
385
383
17
224
149
14
222
270
102
102
327
316
227
340
195
251
83
147
392
225
106
135
47
110
152
239
243
171
183
42
397
341
167
40
75
279
187
152
91
180
14
365
242
253
253
197
385
73
116
30
121
34
75
393
292
83
325
136
65
138
254
134
288
348
219
166
335
366
79
67
94
214
393
135
215
44
91
393
207
386
135
356
274
135
238
318
159
358
385
210
23
204
247
136
52
153
112
76
239
287
231
211
42
390
230
29
206
283
157
156
191
33
295
206
204
251
234
68
165
271
267
123
111
392
177
32
91
84
257
344
183
268
134
31
393
183
335
122
16
135
165
186
388
160
364
106
281
206
279
142
362
244
369
358
155
198
94
389
272
393
193
103
37
238
238
59
140
176
144
243
371
278
280
382
70
194
133
10
217
193
280
294
283
90
98
360
102
195
223
371
80
232
247
29
235
51
178
331
246
399
21
38
11
168
322
99
89
232
307
290
112
291
18
187
122
306
147
172
232
59
141
76
383
65
257
206
93
323
139
364
183
392
89
61
381
133
222
179
355
331
132
281
197
230
178
61
271
350
107
372
78
319
310
275
400
179
70
131
400
162
43
363
329
43
131
166
56
265
80
12
364
96
117
203
199
325
260
236
128
266
149
135
167
44
37
112
204
21
20
253
42
280
61
196
264
111
327
284
322
120
216
160
168
256
30
303
89
20
286
398
370
132
188
261
314
167
69
383
352
335
265
304
186
314
400
211
255
11
106
373
202
142
155
257
50
238
49
205
144
386
164
76
27
102
70
156
344
188
89
223
299
171
321
77
70
293
80
275
277
174
381
137
356
241
186
79
392
31
181
59
204
64
390
21
399
86
400
137
279
79
198
262
255
82
396
311
169
384
187
215
253
264
372
269
224
109
223
247
154
147
293
233
352
397
144
388
275
330
73
96
19
119
55
308
19
333
331
381
385
75
141
163
265
386
327
167
330
151
97
37
225
173
28
372
254
346
77
147
326
325
105
398
74
147
59
387
243
273
87
99
133
328
195
87
141
277
221
41
291
75
110
124
284
147
219
225
94
30
282
257
148
346
62
382
383
93
306
26
22
260
265
209
175
168
314
38
47
158
177
271
214
268
48
211
253
333
163
25
238
269
320
346
238
152
355
318
279
59
391
296
386
27
327
219
133
287
136
127
27
82
89
225
294
390
311
336
110
211
312
143
271
234
249
179
283
111
185
12
192
383
35
384
312
211
114
25
34
364
164
154
73
386
111
119
180
315
106
11
371
181
160
29
155
222
275
354
173
162
304
84
304
315
56
49
33
248
180
176
150
32
49
370
278
40
12
208
37
394
278
337
26
168
21
18
325
384
228
76
270
333
121
17
40
237
47
37
201
228
89
166
42
198
180
283
273
117
384
150
149
348
244
258
354
312
358
365
330
158
11
25
319
71
214
218
386
320
383
33
58
364
300
263
158
208
108
242
121
382
291
73
332
303
102
165
276
298
43
10
213
69
84
188
200
190
138
104
172
216
289
153
333
231
28
51
310
227
354
199
226
36
70
240
352
103
188
171
142
320
199
366
252
212
109
284
192
383
46
304
347
168
182
147
16
123
336
97
125
80
277
72
84
134
185
305
132
43
314
290
242
269
191
100
206
113
215
121
113
150
384
246
135
226
95
295
