10000
1973 2
1966 50
1981 15
1987 3
1981 3
1979 1
1972 5
1977 10
1977 10
1979 5
1989 10
1972 1
1965 1
1975 50
1964 5
1963 10
1961 10
1989 10
1986 1
1971 3
1969 15
1978 2
1965 15
1973 50
1972 20
1981 5
1971 15
1973 20
1983 3
1966 1
1965 5
1978 2
1976 15
1976 20
1974 10
1986 50
1991 3
1976 3
1976 1
1983 15
1981 3
1972 10
1975 20
1968 3
1964 15
1971 5
1990 15
1990 3
1965 3
1961 50
1976 50
1966 5
1983 5
1986 5
1990 15
1978 50
1967 15
1969 15
1966 1
1966 20
1981 20
1989 10
1983 10
1981 15
1968 10
1969 3
1972 1
1990 3
1975 15
1980 10
1987 2
1972 20
1982 50
1968 20
1991 5
1961 10
1981 20
1969 2
1989 50
1961 2
1972 5
1984 2
1976 3
1978 5
1969 15
1976 5
1988 20
1976 5
1963 20
1982 10
1965 3
1966 2
1989 3
1990 15
1964 3
1961 50
1978 20
1987 2
1981 1
1987 1
1971 50
1982 15
1986 20
1961 15
1974 5
1969 2
1967 50
1964 50
1965 2
1986 5
1979 3
1970 1
1969 2
1972 3
1974 1
1973 20
1973 10
1967 5
1967 3
1972 20
1987 1
1981 50
1978 1
1990 15
1974 20
1966 3
1982 3
1967 5
1961 50
1961 15
1979 5
1985 3
1991 15
1973 5
1972 5
1968 3
1980 15
1962 3
1972 50
1976 10
1981 50
1967 50
1980 1
1968 10
1989 2
1981 10
1986 20
1987 15
1968 5
1982 20
1982 15
1974 2
1988 1
1964 2
1977 50
1972 20
1983 10
1971 15
1968 2
1973 50
1982 2
1974 1
1961 1
1987 3
1980 1
1964 10
1967 5
1962 3
1979 1
1962 5
1965 5
1990 2
1963 1
1989 2
1978 1
1962 2
1990 20
1986 2
1969 3
1970 20
1973 1
1969 3
1982 50
1990 50
1988 2
1973 15
1988 1
1967 3
1976 5
1987 3
1972 5
1975 10
1989 2
1981 1
1983 10
1972 15
1973 3
1961 1
1985 5
1968 10
1979 2
1980 1
1972 2
1970 2
1965 1
1975 5
1983 2
1973 3
1964 1
1962 2
1964 1
1970 1
1968 2
1978 50
1962 5
1979 15
1971 15
1976 1
1982 3
1982 50
1976 1
1970 5
1971 5
1984 2
1975 2
1978 20
1991 50
1977 1
1990 3
1965 15
1962 50
1983 3
1977 50
1965 50
1981 50
1981 50
1968 2
1968 1
1967 2
1982 50
1964 10
1968 2
1978 2
1967 15
1980 3
1965 5
1973 50
1978 2
1976 10
1982 15
1964 10
1969 10
1979 50
1975 10
1963 10
1985 3
1983 15
1963 20
1979 3
1962 50
1964 2
1970 2
1963 1
1973 3
1989 15
1988 20
1967 15
1973 1
1967 1
1978 2
1988 1
1981 10
1988 10
1962 3
1984 2
1982 5
1973 20
1986 10
1982 10
1975 20
1970 3
1979 1
1985 3
1990 2
1979 1
1981 15
1975 20
1990 50
1973 2
1968 2
1985 20
1987 1
1966 5
1970 2
1967 10
1972 50
1965 20
1966 15
1969 10
1970 1
1972 3
1964 1
1974 2
1982 10
1968 15
1988 10
1976 20
1964 20
1979 15
1984 15
1987 3
1982 5
1969 15
1967 20
1978 20
1966 20
1991 15
1968 20
1967 3
1985 5
1964 2
1982 20
1991 1
1974 1
1982 1
1968 50
1967 5
1990 10
1991 5
1970 3
1961 20
1979 2
1963 20
1971 10
1975 20
1988 10
1979 2
1970 1
1967 1
1984 15
1968 5
1972 20
1987 15
1976 1
1978 2
1972 3
1986 2
1990 15
1962 2
1969 10
1962 3
1973 15
1961 20
1979 10
1972 5
1986 1
1975 15
1969 15
1973 20
1961 2
1968 5
1981 5
1979 10
1990 50
1961 2
1978 2
1983 1
1978 10
1989 15
1967 1
1974 2
1972 15
1984 5
1976 10
1976 50
1965 2
1981 15
1969 10
1964 2
1962 5
1990 10
1976 1
1990 10
1971 5
1972 20
1983 3
1977 10
1968 50
1967 3
1978 15
1962 15
1979 5
1970 3
1983 2
1987 10
1984 1
1975 2
1965 15
1961 10
1990 1
1968 2
1988 50
1975 5
1989 20
1972 3
1991 3
1991 3
1966 20
1987 10
1968 1
1978 10
1982 5
1982 10
1962 1
1979 50
1986 1
1970 5
1982 1
1971 10
1989 2
1984 20
1961 10
1982 10
1962 1
1979 5
1970 15
1989 10
1964 20
1988 50
1964 3
1978 2
1961 3
1966 50
1964 15
1986 2
1990 50
1964 50
1968 20
1969 1
1969 5
1974 10
1970 50
1987 10
1981 50
1991 3
1968 1
1970 2
1965 15
1973 15
1977 2
1990 3
1982 50
1968 20
1974 15
1984 20
1985 20
1977 10
1986 2
1964 1
1988 15
1973 1
1989 10
1976 5
1968 2
1978 15
1991 2
1981 15
1964 15
1979 5
1963 3
1991 5
1970 1
1989 10
1974 10
1990 2
1964 20
1981 20
1987 1
1966 2
1961 15
1973 1
1972 5
1978 1
1980 1
1983 15
1987 3
1990 50
1990 10
1982 10
1989 50
1968 1
1983 5
1980 15
1972 2
1978 15
1987 3
1981 3
1991 2
1982 15
1982 1
1962 5
1989 20
1974 5
1976 15
1978 1
1989 15
1969 50
1964 50
1981 5
1962 50
1979 3
1991 3
1979 15
1990 20
1979 1
1966 15
1964 50
1970 1
1989 2
1967 1
1972 20
1991 1
1972 5
1976 2
1991 10
1990 2
1974 2
1971 50
1969 3
1982 15
1975 15
1961 20
1966 1
1986 5
1965 2
1972 10
1974 5
1973 5
1976 3
1963 10
1974 2
1985 10
1981 1
1973 1
1976 5
1986 5
1974 10
1980 1
1980 3
1986 20
1988 10
1969 10
1972 3
1982 5
1990 3
1975 20
1983 5
1962 15
1966 1
1980 15
1963 3
1973 15
1967 3
1991 50
1966 50
1963 10
1962 50
1963 3
1976 50
1976 50
1971 50
1961 2
1966 15
1983 10
1967 1
1973 2
1976 1
1969 1
1971 1
1984 50
1981 2
1971 2
1970 1
1964 10
1979 1
1965 2
1984 2
1985 20
1971 2
1973 2
1978 50
1986 10
1973 3
1982 50
1964 3
1986 2
1965 2
1969 5
1968 10
1983 3
1982 20
1972 15
1988 1
1986 20
1962 1
1965 50
1984 5
1990 20
1988 20
1970 3
1976 20
1974 15
1970 2
1985 10
1979 2
1967 1
1970 2
1979 10
1973 2
1980 10
1971 1
1991 15
1984 15
1986 20
1971 5
1981 10
1987 5
1991 15
1985 10
1975 10
1984 2
1968 20
1964 5
1982 5
1975 10
1991 15
1964 1
1989 15
1982 20
1974 1
1973 20
1978 1
1965 5
1990 2
1971 50
1981 15
1973 3
1990 50
1990 3
1961 10
1981 2
1976 15
1961 2
1972 1
1965 2
1963 20
1982 1
1981 20
1979 15
1987 10
1989 3
1969 15
1969 3
1967 10
1972 5
1963 20
1973 5
1981 2
1984 5
1978 5
1981 2
1989 20
1973 1
1961 50
1973 1
1972 20
1973 2
1969 5
1976 2
1982 15
1985 20
1987 3
1987 3
1971 50
1970 15
1972 10
1972 1
1984 15
1980 15
1982 15
1983 10
1988 3
1970 5
1988 2
1972 1
1974 1
1968 15
1972 2
1973 3
1984 2
1970 20
1983 1
1976 50
1986 50
1970 3
1968 2
1991 15
1987 20
1981 5
1990 3
1966 15
1972 5
1961 20
1967 50
1961 20
1976 1
1964 2
1986 1
1991 50
1977 10
1966 2
1983 1
1972 50
1962 15
1968 3
1964 5
1964 10
1986 2
1969 1
1968 20
1979 15
1969 1
1979 50
1988 15
1961 15
1979 5
1961 50
1961 2
1966 15
1973 2
1984 20
1987 10
1962 15
1985 10
1979 20
1966 3
1988 15
1975 15
1974 3
1973 3
1961 2
1991 50
1964 5
1987 3
1972 2
1961 10
1987 2
1973 2
1980 15
1972 2
1966 3
1987 15
1979 1
1964 20
1980 3
1982 20
1966 2
1983 3
1972 20
1967 50
1970 2
1975 15
1973 50
1989 15
1982 50
1962 3
1970 50
1985 20
1970 1
1962 1
1975 20
1979 1
1969 15
1980 15
1973 5
1976 3
1975 10
1987 2
1965 2
1983 3
1975 10
1981 20
1966 5
1969 50
1991 15
1982 2
1965 20
1983 10
1974 15
1974 5
1965 2
1964 50
1964 20
1973 15
1975 20
1973 50
1967 2
1985 5
1982 10
1969 10
1982 15
1985 5
1986 1
1979 20
1981 20
1965 2
1965 15
1982 3
1979 2
1989 50
1969 10
1978 10
1968 20
1971 2
1983 5
1973 2
1962 3
1972 1
1978 50
1971 2
1971 1
1991 10
1991 10
1973 5
1970 2
1982 3
1981 5
1963 3
1971 10
1985 5
1965 1
1970 5
1966 15
1987 5
1990 1
1962 3
1968 10
1966 20
1961 1
1977 2
1974 2
1982 1
1991 1
1969 50
1970 1
1966 5
1969 10
1987 5
1965 20
1970 5
1969 1
1975 50
1990 50
1964 2
1971 1
1975 5
1989 20
1983 2
1963 3
1968 10
1988 15
1991 5
1987 20
1969 1
1968 20
1985 10
1987 20
1983 15
1975 5
1971 3
1962 3
1991 10
1969 2
1984 50
1979 10
1972 50
1989 15
1982 1
1961 20
1983 10
1982 10
1973 15
1979 5
1983 3
1972 50
1966 2
1964 5
1961 10
1983 10
1966 1
1966 2
1964 3
1982 1
1964 10
1965 2
1978 5
1964 50
1991 15
1981 15
1966 3
1983 2
1985 20
1964 2
1985 3
1977 50
1987 15
1971 2
1982 5
1972 1
1972 20
1991 3
1971 3
1976 3
1970 3
1972 5
1970 3
1971 5
1971 5
1973 1
1983 5
1979 50
1990 3
1988 2
1984 20
1980 10
1985 5
1976 15
1978 5
1973 15
1966 50
1986 5
1976 5
1964 2
1979 2
1966 15
1965 3
1978 5
1967 50
1990 2
1966 5
1986 1
1968 10
1982 15
1977 1
1979 10
1977 2
1962 2
1961 50
1981 10
1973 50
1982 2
1979 15
1973 50
1984 2
1980 15
1981 2
1991 2
1978 5
1982 10
1991 2
1978 20
1980 1
1983 15
1976 2
1985 10
1984 20
1986 10
1965 3
1981 50
1977 50
1986 5
1989 10
1965 1
1978 3
1970 20
1976 50
1962 1
1979 5
1963 3
1961 3
1983 20
1983 3
1991 15
1969 10
1990 10
1985 3
1967 20
1984 15
1963 1
1974 2
1978 15
1964 10
1982 15
1986 20
1984 20
1967 10
1970 2
1986 5
1981 5
1970 50
1973 10
1981 10
1979 50
1978 1
1975 15
1987 20
1981 10
1974 3
1990 20
1971 15
1985 20
1991 10
1984 20
1963 20
1971 15
1971 3
1986 5
1979 15
1972 3
1978 2
1964 3
1981 1
1978 3
1961 2
1967 5
1974 3
1966 50
1970 20
1966 15
1991 10
1980 10
1989 50
1962 5
1983 10
1980 1
1981 20
1988 15
1974 5
1991 5
1962 50
1966 5
1968 15
1962 5
1991 2
1990 3
1962 5
1980 3
1977 1
1965 50
1990 20
1986 20
1979 3
1973 50
1965 1
1980 15
1983 20
1964 15
1966 2
1990 2
1990 3
1983 20
1985 10
1982 5
1978 15
1982 10
1989 3
1972 50
1983 2
1989 2
1979 20
1991 10
1972 15
1978 3
1970 20
1981 1
1964 3
1981 10
1973 3
1991 5
1968 2
1988 3
1973 10
1963 10
1963 3
1989 15
1961 1
1977 50
1984 50
1966 3
1987 2
1990 15
1964 3
1965 1
1961 20
1982 5
1967 2
1976 2
1967 1
1968 3
1963 20
1988 20
1962 2
1969 15
1968 2
1985 20
1970 5
1981 20
1966 3
1991 1
1987 5
1968 15
1962 3
1985 10
1963 1
1988 20
1967 5
1974 5
1972 20
1971 15
1976 5
1969 2
1978 15
1986 50
1968 5
1964 15
1987 1
1967 10
1990 1
1966 3
1986 50
1969 1
1964 15
1961 3
1969 5
1986 2
1981 20
1986 10
1965 3
1985 3
1972 3
1990 2
1963 3
1981 15
1983 20
1963 3
1987 5
1970 5
1979 3
1990 3
1972 3
1966 2
1987 3
1970 15
1989 50
1983 5
1976 2
1987 2
1991 5
1989 3
1979 10
1973 3
1973 10
1969 15
1985 10
1982 3
1970 3
1961 15
1988 3
1983 15
1961 1
1969 5
1963 20
1961 2
1970 1
1964 20
1961 1
1988 20
1979 3
1967 15
1991 10
1967 1
1979 3
1985 10
1968 1
1973 5
1991 1
1974 20
1968 20
1976 1
1971 5
1983 10
1961 20
1976 20
1968 2
1981 15
1978 15
1986 50
1969 5
1987 20
1973 20
1985 3
1985 5
1976 5
1978 2
1972 5
1975 5
1972 2
1991 3
1974 20
1989 10
1963 20
1990 20
1969 50
1981 10
1987 5
1978 20
1973 3
1963 3
1985 10
1991 1
1970 5
1991 3
1964 5
1989 50
1961 3
1984 50
1969 50
1967 15
1966 50
1971 50
1962 50
1961 3
1981 50
1965 20
1978 1
1965 1
1979 1
1986 2
1983 3
1982 20
1985 20
1973 10
1975 10
1979 50
1977 2
1965 1
1979 1
1969 10
1980 15
1987 10
1967 5
1979 15
1970 2
1979 5
1991 1
1966 1
1964 10
1973 20
1970 1
1969 3
1982 5
1969 3
1970 2
1983 10
1969 1
1962 5
1990 1
1965 50
1961 15
1982 15
1989 2
1990 2
1966 2
1972 20
1977 50
1987 10
1961 10
1972 1
1971 1
1986 2
1979 3
1964 50
1981 3
1966 2
1973 1
1967 15
1962 1
1964 2
1987 20
1990 3
1983 5
1986 50
1978 3
1974 10
1966 5
1979 15
1964 15
1981 10
1976 1
1989 10
1969 50
1961 50
1973 5
1964 2
1973 3
1975 2
1968 20
1975 50
1970 15
1974 10
1979 5
1965 2
1980 1
1983 10
1978 20
1981 2
1962 2
1967 50
1987 10
1973 2
1982 15
1984 50
1975 5
1982 5
1976 20
1966 3
1987 5
1975 20
1981 10
1973 10
1979 50
1988 1
1984 20
1978 1
1979 2
1961 20
1973 3
1989 10
1966 50
1972 5
1976 15
1988 50
1983 10
1991 5
1962 1
1988 10
1981 1
1982 1
1985 10
1971 2
1986 2
1966 2
1966 5
1984 2
1977 2
1987 5
1984 20
1979 15
1970 5
1965 3
1978 50
1989 15
1974 15
1964 1
1968 20
1978 1
1983 20
1973 3
1987 2
1978 2
1984 2
1978 10
1984 15
1990 15
1964 1
1973 3
1978 2
1971 5
1991 2
1988 50
1978 50
1984 2
1984 5
1973 5
1970 15
1979 15
1990 50
1966 15
1985 5
1973 15
1984 1
1964 20
1961 10
1978 20
1961 3
1980 10
1969 10
1966 50
1988 2
1979 15
1981 50
1970 50
1962 2
1990 10
1987 20
1989 10
1972 50
1968 15
1982 2
1985 3
1984 5
1975 15
1976 5
1971 1
1973 50
1987 3
1975 10
1977 1
1991 2
1988 2
1981 15
1970 3
1990 2
1973 50
1989 2
1973 3
1987 1
1991 1
1973 15
1973 2
1971 10
1984 20
1965 50
1984 50
1990 50
1974 20
1970 50
1979 5
1965 5
1984 15
1968 1
1971 15
1961 10
1971 5
1968 1
1986 5
1989 3
1980 10
1983 1
1973 2
1982 1
1977 1
1974 10
1978 20
1984 5
1966 2
1969 3
1961 20
1978 10
1984 2
1968 50
1983 5
1977 1
1965 20
1979 1
1969 3
1976 2
1965 50
1967 20
1971 5
1988 15
1972 2
1978 15
1979 15
1961 10
1964 20
1982 2
1978 15
1981 5
1990 3
1974 2
1966 20
1966 50
1986 5
1979 1
1990 2
1966 2
1967 20
1976 50
1981 1
1967 5
1972 20
1961 50
1983 3
1961 50
1979 1
1978 20
1986 10
1981 5
1986 1
1970 50
1975 15
1982 1
1977 10
1983 15
1974 3
1965 5
1980 1
1966 20
1975 5
1990 50
1982 1
1978 50
1969 1
1961 20
1983 10
1967 20
1964 3
1979 3
1987 15
1988 3
1972 10
1983 1
1961 10
1968 3
1968 1
1978 15
1975 50
1982 3
1969 1
1983 3
1982 1
1965 15
1989 50
1968 5
1991 2
1978 15
1988 1
1984 2
1990 15
1982 2
1963 20
1989 3
1961 1
1962 3
1988 50
1987 1
1967 15
1977 1
1967 15
1983 5
1989 15
1971 15
1975 10
1979 1
1966 1
1976 10
1977 50
1976 3
1964 1
1964 10
1966 15
1965 1
1976 1
1972 3
1966 15
1979 20
1988 3
1988 1
1974 1
1988 2
1989 50
1979 5
1991 2
1979 20
1989 3
1975 15
1972 2
1990 1
1985 5
1965 50
1978 10
1970 50
1961 15
1987 15
1974 3
1991 15
1972 1
1967 3
1990 50
1975 10
1973 20
1971 2
1965 2
1965 2
1975 15
1971 5
1969 2
1965 5
1983 15
1989 3
1975 10
1976 20
1990 15
1968 50
1978 1
1971 10
1985 5
1972 5
1990 3
1966 20
1983 15
1991 10
1964 10
1970 50
1988 3
1974 2
1977 2
1978 50
1984 15
1983 5
1965 50
1973 5
1988 20
1962 2
1980 3
1968 15
1961 1
1990 1
1962 50
1969 1
1979 1
1964 2
1986 10
1986 20
1988 3
1968 20
1981 2
1988 1
1985 20
1964 20
1984 1
1970 15
1964 10
1981 50
1983 20
1980 10
1971 2
1961 15
1972 5
1973 15
1989 15
1978 2
1990 2
1979 15
1965 3
1971 2
1975 5
1986 1
1971 50
1973 1
1987 3
1991 50
1978 1
1970 3
1971 1
1964 2
1979 5
1961 50
1988 2
1989 10
1988 20
1978 10
1989 20
1984 1
1966 50
1980 10
1968 2
1969 50
1978 50
1964 3
1990 10
1967 50
1970 3
1973 5
1971 1
1981 10
1986 50
1975 50
1972 20
1975 15
1971 1
1963 3
1961 50
1962 15
1988 3
1978 1
1977 1
1964 50
1981 2
1961 1
1962 15
1963 3
1961 10
1970 2
1972 10
1968 2
1982 1
1974 2
1965 15
1964 50
1973 50
1984 15
1986 10
1969 10
1985 20
1980 15
1971 3
1968 2
1967 3
1990 10
1976 2
1966 20
1987 20
1966 20
1982 50
1971 2
1968 2
1988 2
1968 10
1974 1
1973 1
1988 20
1988 10
1961 1
1991 15
1991 5
1991 50
1983 10
1966 15
1970 15
1972 15
1988 50
1970 1
1978 15
1991 1
1967 5
1978 50
1988 10
1989 10
1991 1
1968 10
1970 20
1963 1
1967 5
1987 5
1973 10
1980 1
1977 10
1990 15
1971 10
1974 2
1983 5
1986 1
1966 2
1969 50
1982 1
1978 1
1991 1
1968 2
1962 3
1965 3
1967 5
1989 50
1979 50
1973 20
1982 3
1971 3
1986 1
1987 1
1981 10
1971 3
1961 10
1987 20
1972 50
1980 3
1969 2
1967 20
1983 5
1985 3
1963 3
1973 1
1961 3
1981 20
1973 2
1969 5
1982 20
1968 15
1990 3
1989 15
1988 50
1987 5
1987 15
1967 50
1970 50
1983 2
1973 5
1976 50
1991 3
1974 1
1967 20
1964 50
1981 20
1989 15
1989 15
1973 3
1968 10
1990 2
1967 2
1976 1
1985 5
1991 1
1986 2
1987 3
1989 10
1973 10
1977 50
1961 1
1980 10
1971 2
1986 50
1973 2
1978 5
1981 5
1987 15
1990 3
1988 15
1971 1
1986 2
1978 1
1985 20
1976 10
1978 2
1962 2
1981 2
1982 20
1977 50
1985 10
1965 50
1983 5
1978 3
1979 15
1962 1
1980 15
1971 50
1961 50
1982 15
1978 10
1966 5
1984 20
1990 2
1976 5
1970 50
1982 50
1969 3
1978 3
1977 10
1983 5
1971 1
1982 1
1988 15
1971 2
1987 1
1962 3
1985 10
1962 5
1972 50
1974 5
1972 2
1981 15
1991 10
1964 10
1974 2
1973 2
1968 5
1961 2
1974 10
1964 5
1986 5
1967 10
1981 3
1969 5
1973 20
1963 10
1962 50
1973 10
1969 5
1985 3
1968 5
1982 2
1963 3
1961 1
1967 20
1976 10
1973 3
1985 20
1974 3
1968 50
1983 20
1970 1
1964 20
1981 3
1973 15
1968 1
1970 1
1990 50
1981 20
1969 50
1962 2
1964 1
1980 3
1978 15
1965 3
1981 5
1976 3
1973 15
1974 2
1961 1
1961 10
1964 20
1982 1
1969 50
1991 1
1979 20
1986 5
1971 1
1987 10
1970 2
1973 15
1981 15
1965 50
1976 1
1978 15
1968 15
1962 3
1969 1
1980 15
1989 15
1977 50
1971 2
1976 5
1972 10
1970 20
1984 1
1969 50
1990 50
1966 3
1978 50
1962 1
1991 50
1966 1
1962 3
1977 2
1983 20
1978 1
1962 1
1987 3
1975 5
1985 5
1971 1
1967 2
1972 1
1965 1
1987 2
1970 3
1976 1
1963 1
1987 20
1964 20
1984 5
1965 50
1976 2
1990 3
1986 1
1974 15
1986 2
1978 50
1975 50
1965 2
1966 3
1979 10
1967 1
1986 2
1991 50
1982 15
1990 20
1980 10
1978 5
1978 10
1974 20
1972 5
1976 20
1989 20
1975 20
1979 10
1978 5
1982 50
1975 15
1966 5
1989 3
1989 50
1965 2
1978 2
1978 10
1979 10
1967 20
1990 1
1983 10
1971 10
1967 20
1974 20
1971 2
1981 3
1983 5
1978 2
1966 3
1966 2
1969 50
1977 2
1974 15
1970 5
1965 2
1961 10
1978 3
1973 5
1969 3
1970 3
1973 2
1982 3
1966 20
1965 1
1969 50
1967 3
1964 15
1966 15
1963 20
1975 15
1985 10
1969 1
1965 5
1966 50
1964 50
1983 5
1962 1
1982 3
1977 1
1974 15
1979 10
1990 10
1961 10
1966 50
1962 5
1987 20
1970 1
1975 50
1985 5
1975 50
1978 1
1961 15
1964 50
1977 1
1968 5
1968 2
1961 3
1973 2
1961 15
1971 1
1983 1
1987 10
1986 2
1977 2
1965 15
1988 15
1967 3
1979 15
1981 20
1983 5
1961 50
1963 20
1964 2
1989 2
1961 1
1965 50
1964 10
1966 15
1987 15
1990 2
1976 50
1988 20
1972 20
1984 15
1988 20
1979 10
1991 5
1968 2
1984 20
1981 10
1974 10
1990 20
1966 20
1967 15
1966 20
1989 2
1984 1
1980 1
1973 2
1989 10
1972 3
1989 20
1968 20
1961 15
1968 5
1970 2
1974 1
1961 10
1967 2
1962 5
1987 2
1970 3
1967 1
1973 20
1973 50
1990 3
1966 50
1973 10
1971 50
1972 3
1980 1
1990 3
1964 20
1981 5
1968 10
1971 5
1975 50
1978 2
1969 3
1974 3
1973 10
1970 15
1985 10
1966 20
1961 2
1982 3
1981 3
1983 10
1988 3
1979 10
1970 20
1982 5
1985 3
1989 50
1976 3
1987 3
1967 10
1967 1
1963 1
1979 2
1969 15
1962 1
1963 10
1985 20
1979 5
1978 50
1988 20
1981 5
1968 3
1974 15
1961 3
1984 15
1967 20
1991 1
1987 10
1967 1
1964 3
1978 10
1980 15
1987 10
1986 5
1991 1
1989 2
1974 5
1971 5
1983 10
1977 10
1963 1
1984 5
1978 15
1987 10
1972 10
1983 15
1966 15
1964 3
1967 5
1983 20
1968 15
1964 20
1984 2
1979 20
1973 1
1981 20
1978 3
1978 3
1970 15
1988 20
1981 15
1975 20
1968 1
1982 50
1969 2
1969 1
1990 1
1991 5
1967 5
1974 15
1962 1
1979 50
1966 2
1986 10
1978 3
1986 20
1966 20
1978 3
1982 1
1970 20
1980 10
1988 3
1968 50
1962 2
1971 2
1966 15
1965 20
1965 15
1975 20
1970 15
1982 50
1979 3
1991 15
1969 15
1961 20
1970 1
1979 20
1976 10
1967 10
1979 2
1964 10
1991 3
1972 15
1991 2
1972 3
1981 10
1982 5
1976 3
1990 15
1961 10
1983 3
1964 1
1989 15
1984 20
1988 2
1988 2
1979 10
1965 2
1971 5
1966 20
1979 1
1987 2
1969 5
1961 3
1968 15
1981 1
1989 20
1982 1
1976 3
1987 3
1988 15
1987 1
1961 20
1969 1
1985 10
1981 1
1978 2
1969 15
1990 1
1967 5
1979 5
1979 10
1991 15
1971 10
1964 20
1972 5
1971 5
1987 15
1978 5
1973 5
1971 10
1964 50
1990 15
1973 5
1969 10
1971 3
1975 15
1986 10
1970 1
1976 15
1968 10
1984 1
1974 1
1970 5
1969 3
1969 1
1991 50
1965 1
1978 15
1969 10
1966 2
1962 2
1965 3
1967 10
1971 3
1988 3
1986 10
1961 3
1979 1
1982 2
1967 3
1986 50
1976 5
1962 2
1970 15
1963 10
1979 50
1978 3
1984 50
1970 50
1984 2
1964 5
1991 50
1982 10
1987 1
1968 10
1968 3
1982 1
1966 20
1986 20
1973 3
1986 50
1987 5
1972 10
1981 50
1976 3
1962 3
1967 3
1978 20
1980 3
1971 50
1976 50
1984 2
1969 10
1980 1
1974 1
1967 20
1982 15
1971 2
1972 1
1973 20
1990 15
1980 10
1966 5
1973 15
1991 2
1963 10
1969 10
1980 15
1984 2
1978 10
1981 10
1971 5
1987 10
1966 50
1964 5
1987 5
1977 2
1974 3
1976 1
1971 50
1982 50
1983 1
1976 15
1973 50
1979 50
1971 2
1990 20
1973 5
1967 5
1991 2
1970 20
1973 5
1989 50
1986 2
1991 2
1981 15
1971 50
1964 3
1964 2
1988 2
1982 15
1981 1
1991 5
1988 10
1988 3
1988 15
1982 10
1974 5
1965 1
1990 10
1970 50
1971 2
1988 50
1969 15
1979 10
1971 15
1986 10
1978 50
1962 15
1981 10
1979 5
1970 3
1969 2
1971 10
1981 5
1983 20
1963 20
1991 1
1974 2
1973 1
1971 3
1967 5
1967 10
1987 1
1969 50
1969 2
1970 2
1983 20
1981 1
1973 10
1969 5
1967 5
1988 2
1982 3
1990 50
1973 10
1980 15
1976 20
1967 5
1989 20
1976 10
1986 2
1987 15
1976 20
1974 2
1988 50
1970 15
1986 20
1987 1
1961 15
1973 2
1979 15
1991 5
1987 3
1968 3
1972 1
1986 20
1982 5
1981 1
1976 50
1970 5
1988 50
1970 5
1980 1
1991 50
1987 2
1964 5
1968 10
1987 2
1986 5
1980 1
1978 10
1988 50
1976 3
1963 1
1986 10
1961 15
1966 3
1972 50
1967 2
1971 3
1965 20
1991 15
1967 3
1982 2
1981 5
1967 3
1968 1
1962 2
1975 10
1964 1
1978 3
1987 5
1963 20
1978 1
1971 10
1991 2
1961 2
1973 10
1972 2
1981 3
1982 20
1991 50
1989 50
1968 10
1968 5
1989 2
1984 50
1977 2
1973 2
1970 50
1961 50
1971 2
1967 5
1973 5
1979 2
1988 50
1968 15
1971 15
1966 50
1967 15
1966 5
1969 2
1989 15
1990 1
1977 1
1981 2
1984 15
1963 10
1989 50
1985 20
1986 10
1970 50
1979 10
1980 10
1962 2
1967 10
1976 2
1979 10
1974 1
1979 15
1979 3
1977 10
1974 1
1989 10
1967 20
1973 3
1973 2
1978 20
1974 5
1976 20
1969 3
1982 2
1981 15
1982 15
1985 20
1968 3
1967 5
1987 20
1962 3
1981 1
1990 3
1971 15
1961 1
1965 2
1961 2
1968 15
1983 10
1986 50
1969 50
1990 10
1965 1
1968 15
1976 2
1967 50
1977 1
1985 3
1987 1
1979 3
1961 50
1967 1
1966 3
1990 10
1982 2
1976 15
1991 10
1970 2
1976 5
1983 10
1967 15
1962 50
1969 50
1972 10
1972 20
1965 15
1976 20
1971 5
1968 5
1990 10
1970 3
1979 1
1981 5
1989 10
1972 10
1988 20
1971 15
1980 10
1981 50
1982 10
1970 20
1981 10
1984 15
1984 15
1961 2
1985 10
1967 2
1974 15
1991 2
1982 1
1989 3
1964 3
1983 5
1977 50
1978 1
1969 3
1961 3
1981 3
1984 5
1983 2
1971 10
1972 1
1968 15
1985 10
1987 1
1972 50
1980 3
1972 20
1981 2
1972 20
1976 20
1969 5
1982 5
1979 5
1982 50
1989 2
1974 10
1988 3
1966 50
1974 2
1964 20
1982 10
1987 3
1987 3
1962 15
1976 1
1981 10
1972 5
1979 20
1991 10
1971 3
1972 3
1972 15
1970 3
1990 1
1972 2
1990 1
1989 15
1991 2
1985 20
1975 50
1969 3
1983 1
1973 2
1988 15
1984 1
1982 5
1985 3
1990 15
1990 3
1969 15
1961 1
1990 10
1979 3
1982 10
1978 2
1962 1
1983 10
1979 1
1982 10
1989 3
1966 50
1990 3
1968 1
1974 15
1989 3
1974 2
1966 5
1965 3
1991 1
1967 10
1979 20
1982 50
1969 15
1985 20
1973 50
1990 15
1971 3
1987 20
1984 20
1976 10
1971 2
1991 2
1966 3
1978 10
1979 20
1973 20
1968 20
1966 2
1978 2
1989 50
1981 5
1961 15
1968 1
1974 3
1973 2
1990 10
1988 2
1988 3
1987 1
1979 1
1987 3
1972 3
1962 15
1972 1
1979 3
1966 3
1976 3
1961 20
1982 3
1989 10
1982 3
1966 5
1964 5
1972 3
1988 15
1985 20
1981 3
1981 20
1986 50
1974 3
1979 3
1977 50
1983 1
1967 3
1987 1
1976 1
1990 3
1961 3
1991 10
1971 1
1974 15
1964 1
1964 2
1970 1
1974 10
1987 1
1982 5
1968 1
1978 50
1979 20
1971 2
1991 1
1991 3
1972 50
1970 5
1964 10
1961 2
1982 3
1968 50
1978 10
1972 20
1987 1
1975 20
1967 1
1978 10
1974 2
1973 1
1964 5
1990 10
1982 20
1989 10
1966 20
1963 1
1966 15
1972 50
1976 10
1978 1
1962 50
1979 50
1966 15
1967 20
1979 5
1982 10
1965 3
1988 1
1967 2
1969 5
1982 1
1961 10
1964 50
1974 5
1972 5
1962 5
1977 50
1971 2
1985 5
1971 5
1985 20
1976 15
1989 10
1990 1
1980 3
1968 5
1975 5
1991 5
1979 1
1968 15
1984 5
1970 2
1983 15
1983 2
1983 5
1981 20
1962 3
1990 20
1976 3
1973 10
1966 15
1981 50
1985 10
1990 1
1984 1
1966 2
1967 10
1984 50
1964 50
1962 15
1973 2
1972 5
1969 50
1981 20
1987 1
1990 15
1986 20
1975 2
1965 3
1991 5
1980 3
1971 10
1987 15
1982 5
1967 1
1961 1
1982 2
1968 50
1969 3
1983 20
1990 50
1975 15
1990 50
1988 15
1982 5
1972 5
1986 1
1963 3
1973 3
1991 1
1967 3
1987 10
1972 10
1965 15
1973 50
1976 3
1990 1
1961 2
1984 2
1984 5
1986 5
1972 2
1968 2
1970 3
1968 2
1962 5
1985 3
1973 20
1962 3
1985 10
1969 5
1982 2
1981 2
1989 50
1972 10
1964 15
1983 10
1968 50
1979 5
1962 3
1965 20
1965 3
1964 5
1963 3
1974 20
1982 3
1968 1
1991 1
1979 50
1989 3
1967 2
1970 5
1970 3
1965 5
1976 10
1965 1
1964 5
1988 50
1979 15
1982 15
1972 3
1990 50
1968 1
1974 3
1964 1
1976 2
1981 3
1982 3
1977 1
1974 3
1969 50
1977 50
1974 15
1982 50
1991 10
1962 2
1975 50
1975 20
1976 20
1987 3
1968 15
1990 1
1986 5
1974 20
1971 1
1973 1
1991 3
1972 50
1969 3
1989 15
1988 10
1987 10
1973 20
1987 5
1979 10
1978 50
1986 50
1990 2
1983 15
1966 3
1990 20
1972 3
1971 1
1961 50
1965 3
1961 10
1975 5
1980 3
1979 10
1968 5
1979 5
1963 10
1987 5
1979 2
1970 50
1979 2
1971 2
1989 10
1971 3
1978 5
1975 15
1963 10
1975 15
1969 3
1981 3
1973 1
1979 3
1982 50
1973 50
1972 20
1987 3
1961 1
1981 2
1961 1
1971 10
1988 20
1990 20
1968 5
1987 10
1972 20
1972 2
1961 3
1974 2
1975 5
1978 1
1968 5
1965 20
1978 50
1967 20
1990 50
1971 2
1984 5
1967 3
1972 50
1975 20
1980 10
1977 50
1991 2
1970 5
1970 3
1962 50
1971 15
1975 2
1987 10
1983 15
1976 5
1963 3
1973 50
1983 5
1972 10
1986 1
1973 1
1987 20
1991 5
1966 3
1964 2
1971 15
1967 2
1972 2
1990 10
1967 2
1990 15
1984 20
1975 50
1974 20
1964 20
1973 10
1979 3
1974 5
1983 2
1968 1
1969 3
1977 50
1988 1
1988 20
1990 20
1983 3
1990 20
1990 2
1972 5
1987 20
1977 50
1970 20
1991 50
1987 20
1971 15
1972 50
1972 15
1967 2
1974 20
1970 20
1990 3
1981 15
1966 20
1984 2
1964 20
1983 20
1975 15
1979 15
1984 5
1964 2
1990 1
1961 1
1983 2
1974 20
1978 1
1990 50
1975 20
1968 1
1971 1
1964 3
1970 20
1962 1
1986 20
1982 1
1983 20
1984 20
1971 2
1977 1
1965 2
1979 5
1965 1
1980 10
1967 5
1983 1
1990 15
1981 1
1985 5
1985 5
1961 10
1970 15
1975 15
1967 5
1961 1
1988 1
1978 20
1982 10
1961 50
1981 50
1961 15
1973 10
1968 5
1968 3
1971 15
1962 2
1979 15
1979 2
1968 5
1987 1
1969 1
1989 2
1979 3
1974 5
1976 50
1975 2
1968 15
1974 3
1979 5
1981 3
1975 10
1990 3
1981 15
1990 20
1986 10
1979 50
1967 10
1972 20
1961 3
1980 10
1987 2
1961 50
1982 50
1984 50
1972 15
1969 10
1964 1
1972 15
1961 2
1985 3
1987 3
1978 10
1967 10
1963 3
1985 3
1962 50
1961 10
1971 10
1973 5
1988 20
1980 1
1969 3
1975 2
1965 2
1976 15
1986 1
1982 10
1970 15
1982 15
1964 15
1967 15
1961 1
1989 20
1975 10
1991 15
1985 3
1979 5
1962 2
1988 1
1987 3
1989 2
1969 10
1979 1
1991 1
1987 1
1973 5
1982 15
1971 50
1982 15
1979 1
1985 10
1986 10
1980 1
1971 1
1976 3
1987 15
1978 2
1983 3
1972 5
1965 5
1986 10
1962 3
1978 15
1971 15
1985 20
1967 2
1962 1
1978 10
1965 3
1964 2
1977 2
1979 5
1988 15
1969 50
1985 5
1967 50
1973 20
1991 5
1962 3
1982 50
1982 2
1966 3
1980 3
1986 50
1967 20
1964 10
1988 15
1963 20
1986 50
1971 2
1971 15
1988 50
1983 20
1964 15
1962 3
1980 3
1989 20
1981 2
1975 20
1990 20
1966 20
1990 2
1972 3
1982 2
1975 15
1964 3
1965 5
1961 20
1967 20
1990 1
1961 50
1962 50
1970 5
1984 5
1968 20
1970 15
1972 20
1973 3
1961 15
1968 15
1970 15
1979 15
1971 50
1983 20
1965 15
1966 15
1969 2
1978 15
1970 1
1983 3
1970 20
1987 3
1988 50
1981 3
1987 3
1975 50
1979 20
1962 2
1984 50
1962 50
1984 15
1990 3
1980 1
1978 50
1974 5
1970 15
1970 15
1966 3
1972 3
1965 2
1969 2
1988 1
1979 3
1964 10
1983 3
1990 20
1978 2
1982 50
1986 20
1961 1
1984 20
1975 5
1976 1
1983 1
1981 2
1985 5
1972 1
1977 50
1964 5
1986 1
1990 3
1979 3
1979 3
1987 20
1984 2
1970 2
1979 1
1974 10
1981 20
1964 50
1974 5
1961 1
1982 10
1986 1
1966 5
1964 2
1970 5
1990 3
1991 10
1968 10
1976 15
1983 2
1969 1
1972 3
1961 10
1987 2
1970 50
1966 50
1972 10
1978 20
1989 3
1968 5
1987 20
1969 10
1972 3
1979 2
1963 10
1988 1
1983 20
1991 5
1986 2
1988 2
1964 2
1986 1
1980 1
1968 20
1975 2
1972 50
1965 50
1981 10
1976 3
1973 20
1987 15
1989 20
1987 1
1980 3
1968 2
1978 10
1963 3
1976 3
1990 15
1962 5
1961 3
1987 5
1973 5
1970 5
1973 1
1972 50
1988 10
1966 20
1970 2
1973 15
1978 10
1990 1
1982 1
1965 5
1974 2
1979 3
1976 1
1965 50
1978 15
1976 50
1972 10
1988 2
1965 20
1977 1
1974 1
1991 1
1974 15
1972 2
1968 2
1974 3
1973 15
1972 5
1987 10
1984 2
1984 20
1965 20
1963 20
1974 5
1976 2
1985 3
1980 15
1976 15
1961 10
1972 2
1966 3
1978 50
1976 50
1970 5
1967 15
1982 1
1983 2
1968 20
1988 10
1983 2
1975 5
1974 20
1966 2
1963 1
1979 3
1989 2
1987 5
1984 1
1979 5
1979 15
1963 3
1973 5
1968 20
1982 3
1976 1
1991 3
1979 20
1971 5
1987 20
1981 10
1988 50
1968 20
1981 5
1965 2
1972 5
1974 20
1965 5
1979 3
1986 20
1976 2
1976 50
1987 1
1968 2
1974 15
1964 3
1987 15
1985 20
1988 1
1988 1
1989 15
1981 10
1984 2
1967 50
1981 20
1977 50
1988 20
1964 10
1971 50
1990 3
1970 20
1966 3
1966 3
1965 2
1964 15
1990 20
1961 20
1971 5
1964 50
1962 1
1975 2
1990 1
1991 2
1976 5
1987 10
1991 1
1967 1
1970 3
1964 2
1975 20
1989 3
1966 15
1991 1
1976 50
1970 50
1963 10
1973 3
1970 15
1978 20
1983 2
1988 1
1989 2
1971 3
1972 15
1986 10
1968 3
1968 5
1961 3
1982 15
1972 5
1989 20
1971 3
1965 1
1987 20
1990 50
1964 50
1990 10
1981 50
1963 10
1974 15
1973 2
1981 5
1962 15
1979 1
1969 50
1987 5
1967 15
1986 5
1986 20
1973 3
1973 15
1970 15
1987 1
1978 20
1988 3
1982 2
1961 1
1981 15
1974 10
1979 50
1981 10
1978 1
1978 20
1990 50
1969 5
1965 5
1982 2
1982 3
1967 5
1981 20
1968 3
1978 15
1987 5
1966 1
1976 15
1968 5
1983 2
1979 5
1972 5
1970 15
1973 3
1965 50
1984 1
1976 15
1979 1
1976 1
1983 2
1975 15
1970 1
1980 3
1966 5
1983 2
1972 15
1987 2
1965 1
1964 20
1983 1
1972 50
1978 1
1976 3
1978 15
1979 20
1982 5
1974 20
1985 10
1981 15
1978 1
1980 3
1975 15
1961 1
1966 15
1974 5
1980 3
1971 2
1970 20
1980 10
1989 50
1971 1
1966 5
1987 2
1965 5
1971 15
1964 20
1978 20
1990 50
1965 5
1982 10
1989 50
1963 20
1966 2
1978 2
1990 1
1975 20
1961 20
1987 10
1967 5
1973 20
1966 20
1986 50
1967 15
1985 20
1975 2
1984 50
1983 1
1969 10
1972 20
1988 3
1973 15
1973 3
1975 20
1967 10
1970 15
1961 50
1985 5
1972 10
1973 20
1986 10
1962 3
1988 50
1980 15
1974 2
1982 20
1980 3
1971 1
1969 2
1964 2
1973 10
1983 15
1985 10
1991 5
1966 5
1987 20
1975 15
1991 50
1968 3
1962 15
1962 50
1988 1
1982 3
1968 20
1978 20
1983 5
1974 15
1968 20
1965 15
1962 3
1990 10
1971 3
1991 2
1986 2
1964 2
1976 50
1968 50
1991 10
1965 15
1968 2
1964 50
1964 2
1982 20
1985 3
1969 2
1961 2
1982 15
1991 2
1977 50
1963 10
1961 2
1969 5
1977 50
1990 1
1978 3
1981 2
1989 15
1984 5
1961 1
1979 10
1961 20
1969 15
1980 10
1970 20
1970 3
1961 10
1978 15
1972 3
1975 5
1986 20
1970 2
1966 5
1981 20
1975 2
1990 20
1979 5
1990 1
1969 50
1989 2
1979 2
1971 50
1963 3
1988 3
1978 5
1962 1
1979 1
1977 1
1987 1
1972 15
1983 3
1976 50
1964 10
1973 50
1975 5
1975 10
1968 50
1989 20
1969 2
1979 2
1988 50
1979 1
1961 10
1983 20
1963 10
1968 2
1976 2
1965 50
1979 15
1978 15
1966 50
1987 1
1987 15
1987 20
1969 2
1975 2
1983 1
1962 1
1990 20
1974 20
1987 15
1967 5
1969 50
1989 15
1972 10
1982 3
1976 1
1976 5
1983 5
1975 15
1979 1
1989 2
1973 10
1986 10
1970 1
1973 3
1985 20
1979 1
1991 10
1988 10
1961 50
1987 1
1975 10
1980 3
1969 1
1990 10
1981 15
1961 15
1963 10
1989 15
1989 2
1982 1
1983 10
1967 15
1978 50
1965 15
1963 20
1974 10
1964 20
1961 10
1973 10
1970 2
1966 50
1984 20
1972 2
1965 1
1973 15
1986 1
1968 10
1979 10
1978 5
1985 5
1974 3
1988 50
1970 5
1975 5
1968 2
1967 20
1976 20
1990 15
1982 15
1967 20
1981 10
1979 20
1961 20
1991 3
1971 50
1987 2
1967 5
1988 20
1966 50
1974 1
1968 50
1970 20
1970 5
1970 1
1981 10
1979 50
1984 1
1985 5
1966 50
1969 50
1979 1
1961 3
1963 10
1983 3
1986 10
1987 2
1969 3
1967 20
1988 3
1969 50
1988 50
1970 15
1979 20
1962 2
1972 1
1968 15
1988 50
1976 50
1987 20
1978 5
1961 3
1982 50
1991 15
1977 2
1977 1
1963 20
1968 20
1977 1
1964 5
1987 5
1989 15
1973 20
1972 20
1984 50
1975 2
1984 20
1981 15
1969 3
1968 50
1962 1
1963 10
1964 50
1972 10
1988 15
1978 3
1980 3
1978 20
1981 5
1983 1
1971 10
1989 50
1976 10
1973 20
1982 3
1984 20
1969 2
1985 5
1983 1
1987 10
1976 5
1979 10
1961 20
1965 20
1964 50
1961 10
1972 15
1972 20
1987 5
1978 1
1967 3
1970 50
1983 10
1986 5
1967 1
1981 5
1981 2
1966 20
1989 20
1962 5
1988 15
1962 50
1961 2
1984 50
1969 3
1979 5
1971 50
1961 20
1984 1
1988 20
1987 10
1973 1
1973 20
1976 15
1988 1
1976 2
1962 50
1991 10
1961 10
1966 15
1978 2
1964 5
1962 15
1986 1
1987 15
1991 50
1967 20
1968 5
1965 15
1991 2
1984 2
1988 20
1975 15
1989 15
1983 15
1970 20
1972 50
1974 20
1964 5
1977 50
1982 2
1963 3
1988 2
1983 1
1991 1
1961 50
1978 3
1969 2
1961 15
1981 1
1962 5
1971 5
1961 50
1978 50
1975 15
1978 15
1981 3
1976 15
1973 3
1985 5
1988 1
1982 1
1983 5
1982 20
1971 50
1986 20
1988 10
1978 1
1973 20
1989 50
1970 15
1989 50
1966 15
1986 10
1964 20
1965 15
1969 15
1977 1
1983 15
1964 2
1966 2
1984 50
1986 20
1982 3
1971 5
1978 15
1965 20
1962 5
1981 10
1976 15
1978 50
1974 20
1976 15
1979 3
1991 5
1967 50
1974 2
1987 2
1986 1
1980 10
1972 1
1989 2
1984 5
1971 1
1974 20
1983 1
1988 1
1981 2
1982 15
1989 15
1985 10
1981 5
1985 10
1965 1
1973 50
1976 2
1974 15
1963 10
1968 2
1985 10
1981 20
1978 15
1970 20
1971 2
1976 20
1991 3
1973 10
1966 50
1961 20
1991 5
1966 5
1977 10
1973 1
1969 2
1978 50
1965 50
1968 15
1984 5
1971 3
1963 10
1967 1
1986 5
1969 3
1968 1
1979 5
1985 5
1968 10
1962 5
1961 10
1986 5
1978 10
1981 2
1982 10
1978 20
1979 5
1971 2
1969 1
1965 1
1989 15
1962 3
1989 20
1972 20
1976 20
1968 1
1985 5
1966 2
1975 20
1982 50
1969 5
1987 10
1965 5
1973 2
1976 10
1986 50
1966 1
1987 20
1970 3
1987 20
1975 5
1969 5
1991 3
1961 1
1972 5
1961 2
1967 3
1974 20
1971 2
1968 2
1981 3
1963 10
1973 15
1978 3
1963 1
1974 2
1971 5
1988 15
1981 10
1964 20
1980 1
1967 2
1985 5
1961 50
1986 10
1975 5
1975 5
1968 1
1987 20
1991 50
1966 50
1988 20
1963 3
1962 2
1988 3
1968 15
1989 2
1990 15
1990 2
1980 3
1988 1
1990 10
1971 2
1990 3
1987 10
1988 10
1968 10
1967 15
1985 3
1976 3
1967 50
1980 10
1969 1
1971 3
1969 5
1972 5
1962 5
1966 1
1985 10
1986 5
1973 5
1988 3
1973 10
1963 3
1975 10
1980 10
1979 2
1986 5
1967 15
1969 1
1973 3
1973 15
1976 10
1989 3
1972 1
1965 3
1970 20
1983 5
1972 15
1984 15
1981 50
1984 5
1964 3
1982 5
1991 3
1969 5
1963 10
1986 10
1968 50
1969 1
1980 3
1964 5
1989 15
1972 1
1989 20
1982 20
1990 2
1962 50
1975 15
1970 1
1979 50
1988 2
1974 20
1984 15
1970 15
1988 50
1972 15
1966 2
1974 5
1975 50
1976 1
1972 15
1988 15
1991 15
1974 20
1967 15
1984 5
1987 20
1982 20
1990 20
1971 2
1986 20
1989 2
1968 50
1981 1
1978 50
1988 50
1983 15
1979 50
1985 3
1979 15
1962 15
1974 1
1974 5
1978 5
1986 10
1976 50
1991 1
1982 50
1991 10
1990 15
1964 2
1973 1
1971 2
1990 3
1973 2
1980 1
1962 5
1989 50
1971 2
1964 10
1991 50
1986 1
1982 15
1972 10
1964 3
1966 1
1966 1
1974 15
1990 50
1976 15
1962 3
1967 15
1983 2
1976 20
1963 3
1988 3
1990 3
1978 10
1965 50
1984 50
1968 15
1983 1
1972 15
1979 15
1966 2
1966 3
1986 10
1984 20
1982 50
1988 3
1990 1
1990 2
1969 2
1988 2
1988 15
1973 3
1971 1
1971 2
1978 10
1987 5
1966 20
1987 20
1985 20
1986 5
1981 20
1973 20
1983 2
1988 2
1983 2
1978 50
1989 3
1984 15
1982 20
1970 50
1967 20
1989 3
1965 20
1979 20
1967 5
1968 5
1984 20
1968 10
1964 50
1981 15
1964 10
1971 50
1976 10
1968 20
1979 50
1964 15
1985 20
1967 2
1991 15
1981 5
1967 20
1982 20
1986 50
1966 15
1983 1
1984 5
1968 3
1982 5
1962 1
1973 2
1964 5
1982 20
1981 3
1974 2
1983 20
1989 20
1968 20
1969 10
1991 15
1980 1
1981 2
1975 50
1978 50
1978 15
1978 15
1968 1
1983 15
1978 20
1984 1
1986 5
1986 50
1985 5
1968 5
1966 2
1970 5
1967 1
1986 5
1962 15
1969 1
1979 20
1968 1
1968 2
1962 5
1972 2
1988 50
1962 2
1961 50
1985 10
1973 3
1964 5
1976 2
1976 5
1979 15
1986 2
1965 1
1970 20
1963 1
1967 2
1983 15
1967 3
1978 10
1979 5
1965 50
1983 1
1982 1
1982 3
1968 15
1976 2
1981 5
1986 5
1979 50
1981 1
1964 1
1983 1
1974 15
1982 1
1978 5
1967 15
1973 10
1986 5
1963 3
1989 15
1967 20
1987 10
1978 2
1990 50
1983 10
1991 1
1976 3
1985 10
1964 5
1985 20
1986 50
1976 20
1963 10
1973 3
1990 50
1973 5
1963 1
1979 5
1990 1
1975 5
1974 15
1962 50
1987 10
1982 5
1976 50
1991 1
1987 1
1966 20
1968 10
1964 15
1966 3
1972 5
1962 5
1982 2
1990 15
1972 2
1990 3
1990 1
1969 2
1991 10
1971 50
1973 3
1984 1
1973 3
1986 5
1975 50
1990 50
1991 2
1965 5
1975 20
1973 2
1980 3
1981 10
1983 1
1969 10
1991 1
1990 1
1965 2
1982 1
1991 1
1971 5
1991 15
1963 20
1962 3
1973 10
1961 3
1987 15
1967 3
1962 2
1964 15
1982 2
1976 10
1965 15
1969 15
1970 15
1963 3
1984 20
1983 5
1987 10
1967 5
1988 2
1982 3
1983 3
1966 2
1978 2
1969 15
1979 10
1973 10
1967 1
1977 2
1985 20
1983 20
1988 1
1968 20
1978 2
1990 15
1990 20
1984 5
1963 1
1973 3
1988 10
1978 20
1988 3
1979 1
1962 5
1970 50
1966 1
1978 15
1979 5
1971 2
1967 3
1967 5
1973 10
1983 15
1988 15
1979 5
1964 15
1991 3
1984 5
1986 2
1962 5
1976 3
1961 10
1965 20
1978 1
1961 15
1982 20
1975 20
1982 3
1970 3
1969 3
1962 2
1974 2
1972 10
1979 20
1983 5
1986 1
1988 2
1968 5
1987 20
1984 20
1971 1
1967 5
1965 15
1968 1
1989 2
1973 20
1962 15
1961 20
1985 5
1987 1
1964 50
1966 2
1984 2
1991 2
1971 2
1978 10
1985 10
1982 1
1964 15
1981 15
1970 5
1968 5
1973 3
1985 20
1962 3
1984 2
1964 15
1984 50
1976 3
1970 2
1964 5
1962 15
1987 1
1977 2
1978 20
1966 20
1964 50
1982 3
1980 15
1965 1
1964 2
1984 15
1987 2
1979 2
1988 10
1976 50
1966 1
1966 15
1976 5
1973 20
1969 3
1966 15
1980 1
1982 3
1974 5
1979 15
1969 3
1972 3
1987 20
1978 2
1961 3
1969 50
1978 3
1964 5
1961 50
1964 1
1961 15
1978 1
1985 3
1981 1
1967 15
1986 2
1968 2
1969 3
1978 2
1978 1
1974 20
1968 3
1962 3
1966 50
1982 3
1973 1
1978 10
1962 2
1971 10
1969 15
1973 20
1979 20
1973 5
1975 10
1961 2
1982 2
1987 10
1991 1
1969 2
1990 3
1978 10
1979 5
1989 10
1964 50
1984 20
1967 2
1968 20
1977 50
1972 2
1989 10
1987 10
1961 15
1977 1
1989 20
1964 20
1982 3
1968 3
1968 10
1964 3
1985 5
1987 20
1978 10
1991 15
1964 5
1967 10
1985 3
1970 50
1963 20
1988 10
1980 1
1980 3
1982 2
1968 15
1978 5
1966 3
1969 15
1968 50
1987 3
1965 50
1989 10
1969 15
1973 3
1987 1
1964 10
1983 3
1987 3
1964 10
1970 50
1971 15
1972 3
1973 1
1982 15
1964 10
1986 2
1974 15
1973 2
1972 2
1983 2
1988 50
1973 15
1979 3
1984 15
1974 15
1985 5
1961 1
1990 10
1970 3
1969 2
1986 5
1961 3
1984 1
1988 10
1978 3
1970 50
1982 20
1962 1
1983 10
1964 2
1974 15
1970 20
1964 50
1981 10
1970 3
1965 50
1964 10
1964 50
1983 20
1968 20
1963 10
1982 50
1982 3
1986 20
1971 50
1967 10
1966 15
1985 20
1963 3
1982 1
1970 3
1990 50
1971 15
1974 1
1978 5
1990 2
1978 2
1969 1
1973 20
1988 3
1975 2
1986 5
1975 20
1965 2
1987 20
1962 3
1961 50
1979 15
1979 5
1964 1
1971 15
1970 5
1990 3
1961 3
1968 5
1971 50
1980 3
1967 3
1971 5
1967 20
1979 2
1986 5
1977 50
1975 2
1967 50
1970 1
1973 1
1990 3
1970 50
1975 10
1985 3
1967 20
1982 10
1978 50
1985 20
1984 15
1971 1
1972 50
1964 2
1982 1
1962 5
1988 20
1969 15
1971 5
1966 3
1977 10
1980 1
1972 2
1964 20
1971 2
1981 2
1983 20
1962 50
1968 15
1962 5
1972 2
1966 5
1982 10
1991 2
1984 20
1975 50
1966 2
1980 15
1991 50
1985 5
1988 3
1961 3
1977 10
1990 1
1964 20
1974 3
1991 3
1970 20
1964 50
1964 5
1964 15
1969 1
1989 10
1971 2
1965 3
1978 3
1967 1
1988 2
1966 15
1983 10
1976 1
1962 50
1972 5
1972 15
1967 20
1972 20
1965 50
1990 20
1968 50
1975 20
1972 15
1979 5
1979 15
1967 5
1991 15
1972 2
1969 2
1980 15
1970 15
1982 5
1987 1
1965 3
1987 20
1972 1
1988 3
1964 5
1978 20
1986 1
1976 15
1968 15
1982 2
1985 5
1969 15
1975 5
1973 50
1965 1
1976 20
1972 10
1983 15
1989 10
1961 15
1965 3
1963 10
1985 10
1972 20
1962 50
1982 3
1962 15
1964 5
1966 15
1972 3
1979 1
1969 5
1973 10
1974 15
1983 2
1961 15
1988 50
1969 5
1984 5
1972 20
1964 3
1968 20
1973 20
1990 50
1981 2
1984 1
1983 5
1981 1
1982 2
1983 3
1979 10
1968 15
1982 3
1966 2
1967 2
1964 50
1983 1
1969 5
1981 20
1983 1
1980 3
1968 20
1970 1
1977 10
1991 3
1986 2
1968 15
1978 50
1972 2
1991 3
1978 50
1972 15
1985 3
1978 10
1979 10
1979 20
1984 50
1985 3
1969 3
1988 15
1989 3
1966 15
1970 1
1990 3
1967 5
1982 1
1966 15
1971 1
1972 3
1971 3
1964 2
1977 1
1989 15
1973 10
1969 1
1970 1
1975 2
1984 20
1978 2
1974 2
1989 2
1971 5
1970 3
1961 1
1963 1
1982 10
1981 10
1965 15
1972 2
1967 20
1976 20
1982 10
1973 5
1986 2
1978 15
1983 1
1982 10
1975 2
1966 1
1962 2
1974 2
1962 2
1978 10
1979 2
1975 15
1988 1
1983 3
1990 20
1979 2
1982 10
1961 1
1984 15
1964 15
1971 1
1985 5
1964 1
1969 3
1990 3
1976 2
1976 3
1978 20
1983 20
1973 10
1963 1
1978 10
1980 15
1970 50
1970 15
1986 1
1980 1
1983 10
1981 15
1984 1
1987 5
1979 10
1981 1
1972 1
1980 3
1976 1
1988 2
1987 3
1975 50
1979 3
1991 2
1964 15
1966 15
1970 1
1988 20
1988 3
1972 20
1988 50
1987 20
1966 20
1965 15
1970 50
1973 50
1991 5
1969 15
1989 3
1971 3
1975 2
1969 5
1991 3
1986 10
1981 1
1972 10
1966 1
1982 10
1981 1
1969 50
1976 2
1988 50
1983 20
1968 2
1962 50
1987 3
1975 15
1991 15
1972 2
1964 50
1980 3
1987 3
1982 1
1976 20
1990 50
1964 20
1982 20
1982 20
1979 2
1966 50
1978 3
1970 15
1967 10
1972 3
1965 20
1969 3
1980 15
1989 15
1968 50
1982 50
1975 50
1986 2
1982 20
1973 15
1972 50
1974 10
1991 10
1964 1
1962 50
1963 10
1982 3
1965 50
1990 2
1972 1
1976 15
1967 3
1964 5
1979 15
1988 15
1981 3
1988 20
1982 50
1979 5
1968 3
1978 10
1982 2
1968 10
1984 50
1984 20
1975 50
1975 50
1976 15
1982 2
1987 5
1973 20
1987 10
1984 1
1973 1
1988 20
1976 10
1961 2
1978 10
1981 2
1983 3
1988 50
1979 5
1984 5
1966 1
1975 10
1969 5
1975 15
1987 3
1981 20
1981 3
1991 10
1981 15
1981 3
1984 5
1975 10
1974 20
1969 50
1984 1
1984 2
1983 2
1969 1
1984 15
1970 50
1981 2
1970 2
1991 10
1984 15
1976 10
1962 5
1969 2
1971 10
1966 2
1971 15
1986 20
1970 20
1991 15
1979 20
1977 2
1974 3
1968 20
1983 5
1975 50
1978 5
1975 50
1964 5
1983 10
1968 15
1979 3
1976 2
1970 1
1969 5
1987 15
1984 20
1966 20
1975 5
1963 1
1980 1
1990 2
1975 15
1979 1
1990 2
1962 1
1973 3
1977 1
1962 2
1990 1
1964 50
1990 50
1963 3
1989 2
1965 15
1984 15
1987 20
1982 20
1990 20
1975 20
1964 50
1979 10
1988 2
1988 20
1981 50
1990 10
1963 1
1983 20
1968 2
1968 15
1970 1
1988 15
1982 50
1982 1
1978 3
1968 15
1979 2
1966 20
1970 2
1988 10
1981 2
1987 5
1985 10
1982 20
1973 15
1982 15
1966 20
1971 15
1964 1
1983 3
1969 2
1981 50
1982 3
1962 50
1966 5
1965 2
1976 20
1964 5
1967 20
1968 1
1982 50
1989 15
1963 3
1968 5
1989 10
1966 2
1971 5
1989 2
1971 1
1977 10
1972 50
1968 3
1991 50
1961 2
1977 10
1969 3
1976 3
1968 10
1980 3
1973 3
1966 2
1965 50
1975 15
1965 3
1964 50
1976 15
1987 20
1976 20
1990 10
1981 10
1975 20
1967 15
1988 1
1986 50
1965 3
1968 50
1991 1
1973 1
1979 10
1978 10
1979 15
1970 15
1974 2
1972 3
1989 10
1972 3
1982 50
1976 50
1965 1
1974 3
1986 2
1989 10
1979 2
1981 10
1987 20
1981 10
1965 2
1966 3
1967 50
1991 50
1979 50
1963 20
1986 50
1964 50
1977 1
1971 3
1973 5
1985 20
1964 1
1972 3
1982 5
1972 15
1981 5
1967 1
1961 20
1974 1
1965 3
1986 1
1969 1
1965 50
1962 15
1991 3
1991 10
1975 20
1971 15
1963 1
1988 20
1983 2
1990 2
1970 15
1968 15
1965 20
1983 2
1978 5
1991 10
1981 3
1971 2
1985 10
1963 3
1968 3
1970 50
1963 1
1982 10
1988 50
1982 2
1984 20
1975 50
1961 3
1968 3
1979 3
1981 20
1982 1
1966 5
1991 1
1984 1
1987 1
1990 3
1973 10
1966 1
1969 2
1981 5
1986 20
1974 3
1970 3
1967 20
1982 15
1972 15
1988 15
1985 20
1968 3
1986 20
1990 50
1987 10
1964 2
1980 10
1973 3
1984 20
1976 1
1975 50
1978 1
1986 50
1971 2
1972 15
1962 15
1971 5
1966 3
1980 15
1978 5
1965 1
1962 15
1975 50
1975 2
1961 1
1970 20
1982 50
1971 5
1969 1
1978 15
1968 5
1974 5
1981 20
1961 2
1988 50
1989 50
1990 20
1967 20
1976 10
1976 1
1966 2
1976 10
1979 1
1967 2
1989 15
1970 1
1979 10
1984 1
1990 2
1981 15
1966 50
1990 10
1967 20
1976 1
1972 1
1973 20
1965 5
1966 15
1968 10
1984 5
1975 15
1985 10
1967 3
1966 5
1988 20
1964 15
1988 20
1961 15
1987 3
1988 50
1975 10
1964 10
1979 3
1987 2
1982 50
1978 20
1967 2
1981 3
1977 1
1984 1
1976 15
1982 5
1985 20
1972 50
1986 5
1966 20
1974 5
1974 3
1986 5
1962 2
1966 5
1965 3
1964 1
1971 10
1979 3
1970 50
1976 15
1969 1
1965 2
1963 20
1964 10
1989 10
1988 3
1962 15
1969 10
1977 2
1965 15
1973 50
1974 5
1976 5
1990 15
1991 50
1986 5
1963 3
1987 3
1976 15
1991 2
1987 5
1988 1
1979 20
1991 1
1964 2
1970 5
1975 2
1963 10
1991 15
1970 20
1980 3
1980 3
1963 20
1982 10
1971 3
1989 10
1978 3
1978 20
1972 20
1961 15
1967 3
1967 20
1967 10
1987 2
1966 15
1966 1
1961 1
1980 15
1983 3
1974 1
1967 1
1988 15
1972 20
1976 20
1990 15
1986 5
1987 1
1982 20
1972 3
1979 10
1968 5
1964 5
1969 50
1990 20
1981 1
1987 5
1979 5
1991 2
1978 50
1976 50
1967 50
1990 1
1981 1
1967 2
1966 50
1980 1
1968 2
1991 2
1981 15
1973 1
1974 20
1962 50
1990 2
1979 50
1975 20
1979 10
1989 10
1988 2
1991 5
1988 50
1968 50
1973 10
1986 50
1975 15
1967 5
1991 1
1978 20
1976 1
1975 5
1968 10
1990 10
1990 1
1971 3
1963 1
1983 10
1971 1
1987 10
1978 2
1962 5
1963 20
1987 1
1973 2
1971 2
1972 10
1989 3
1976 3
1986 10
1962 2
1979 1
1990 2
1991 10
1975 50
1966 15
1990 2
1970 2
1968 10
1990 2
1967 5
1967 3
1984 2
1985 20
1983 20
1961 15
1983 20
1976 10
1975 5
1982 1
1969 2
1971 3
1986 2
1981 20
1980 3
1963 3
1975 10
1990 1
1978 20
1991 50
1961 15
1987 15
1982 15
1978 20
1963 3
1977 1
1975 20
1972 50
1982 1
1966 15
1984 1
1987 2
1962 5
1970 50
1989 15
1977 50
1983 3
1967 15
1987 5
1969 2
1990 3
1971 5
1987 20
1962 50
1974 15
1967 10
1962 3
1969 1
1979 3
1989 15
1976 15
1968 1
1967 50
1984 5
1962 15
1987 15
1988 15
1974 3
1966 20
1991 2
1977 50
1988 15
1970 20
1972 15
1981 2
1970 2
1976 15
1983 10
1969 1
1991 50
1981 2
1980 3
1981 2
1986 20
1964 50
1988 15
1975 20
1962 15
1964 20
1979 20
1989 3
1965 15
1965 50
1973 2
1961 10
1980 3
1965 1
1961 15
1974 2
1961 50
1971 50
1987 1
1966 20
1976 50
1970 3
1980 15
1972 3
1977 1
1976 10
1970 2
1984 1
1979 1
1982 15
1961 1
1964 2
1968 3
1964 20
1969 5
1965 5
1970 50
1973 2
1962 50
1965 2
1981 2
1985 5
1961 1
1983 10
1991 50
1989 50
1967 1
1962 2
1963 1
1975 2
1986 5
1963 10
1984 50
1965 3
1987 15
1978 20
1976 2
1961 3
1969 10
1968 20
1981 10
1979 5
1990 15
1969 3
1961 3
1991 2
1961 15
1981 5
1972 2
1968 1
1972 5
1980 10
1963 3
1975 20
1991 10
1979 50
1971 50
1969 50
1973 1
1962 2
1984 20
1968 5
1976 15
1984 15
1990 3
1968 3
1991 10
1964 3
1971 5
1963 10
1987 20
1966 2
1987 15
1973 15
1990 20
1966 2
1973 15
1964 2
1983 20
1972 2
1964 10
1968 15
1984 15
1965 1
1974 1
1976 20
1972 10
1990 1
1970 5
1967 15
1968 50
1968 10
1970 5
1979 50
1989 3
1982 3
1981 5
1964 2
1967 2
1961 50
1980 10
1972 50
1976 15
1970 2
1962 15
1978 20
1981 15
1982 5
1987 2
1991 10
1962 5
1973 3
1976 15
1977 10
1962 1
1987 2
1989 2
1963 20
1979 15
1966 20
1967 50
1985 20
1977 50
1967 10
1968 3
1976 2
1980 3
1984 50
1966 3
1969 5
1976 10
1969 50
1966 2
1981 50
1961 20
1979 50
1979 10
1986 10
1989 2
1964 50
1990 2
1971 2
1975 15
1978 20
1980 1
1977 10
1975 20
1978 1
1987 15
1961 20
1973 3
1989 50
1986 5
1986 1
1988 50
1968 50
1973 5
1988 1
1984 20
1978 1
1975 5
1974 15
1969 50
1961 50
1977 10
1976 5
1990 1
1966 2
1968 5
1987 10
1972 1
1974 3
1971 3
1986 2
1980 1
1989 20
1968 5
1989 10
1981 1
1986 10
1978 5
1976 10
1987 20
1986 10
1970 50
1974 15
1968 1
1963 20
1989 10
1971 50
1988 10
1987 10
1989 2
1978 3
1981 15
1987 10
1965 5
1973 50
1969 1
1972 20
1977 2
1968 10
1988 15
1970 1
1966 15
1971 10
1980 3
1979 15
1989 10
1979 20
1975 15
1986 5
1969 2
1964 10
1966 2
1981 2
1980 1
1974 10
1966 50
1971 2
1984 1
1977 50
1991 5
1978 50
1975 15
1963 10
1981 20
1978 15
1970 3
1972 20
1963 1
1977 50
1961 20
1973 15
1987 2
1972 2
1961 1
1968 20
1979 1
1981 3
1979 10
1991 50
1962 1
1966 20
1975 20
1972 2
1979 3
1976 50
1991 5
1967 50
1981 15
1988 50
1976 1
1982 15
1965 15
1991 3
1963 1
1990 20
1973 10
1973 5
1966 50
1989 2
1972 1
1970 50
1987 20
1976 1
1984 15
1971 5
1977 50
1983 10
1979 1
1982 10
1981 15
1963 3
1969 3
1961 15
1989 50
1970 5
1968 20
1980 10
1963 3
1973 15
1984 50
1964 50
1986 50
1961 2
1969 10
1989 50
1980 1
1961 20
1988 10
1971 3
1978 10
1967 15
1982 10
1968 2
1980 1
1976 1
1973 10
1970 5
1961 15
1974 15
1971 10
1975 2
1962 3
1983 10
1976 10
1989 20
1961 10
1982 5
1979 2
1991 5
1986 1
1976 1
1974 15
1975 10
1962 2
1989 2
1979 50
1981 5
1964 5
1965 15
1962 5
1989 10
1964 2
1961 15
1978 1
1964 1
1981 1
1982 5
1987 3
1965 50
1967 3
1968 5
1966 50
1989 50
1962 3
1988 20
1969 15
1982 3
1972 3
1984 5
1976 5
1964 10
1978 15
1983 3
1989 15
1968 50
1968 5
1991 3
1989 3
1970 20
1970 3
1982 2
1977 10
1976 2
1991 10
1967 1
1977 50
1966 20
1973 20
1972 15
1965 20
1976 15
1983 20
1968 20
1979 5
1969 2
1983 2
1988 20
1983 3
1972 20
1969 3
1961 20
1964 20
1978 20
1968 3
1966 15
1974 20
1972 3
1968 50
1964 5
1989 3
1971 10
1978 5
1965 3
1961 2
1972 5
1966 50
1968 3
1982 15
1975 15
1967 2
1963 10
1981 3
1974 5
1976 20
1961 50
1968 3
1973 15
1988 10
1973 15
1980 10
1961 15
1974 2
1975 15
1983 10
1987 10
1967 10
1981 3
1962 5
1965 2
1975 2
1981 2
1987 20
1979 15
1991 50
1965 50
1968 5
1975 50
1967 15
1969 1
1962 50
1966 1
1986 2
1979 1
1966 20
1989 20
1969 50
1965 20
1964 10
1963 3
1991 5
1969 10
1980 3
1962 2
1984 15
1974 2
1976 20
1978 5
1984 2
1967 50
1985 3
1987 1
1987 10
1973 15
1984 5
1991 1
1967 20
1981 10
1970 5
1970 3
1990 2
1967 5
1968 2
1972 1
1962 5
1991 50
1980 10
1989 20
1969 50
1982 10
1965 1
1990 20
1978 1
1967 50
1982 1
1968 20
1974 10
1968 10
1982 50
1975 10
1978 3
1984 2
1981 5
1961 50
1968 20
1967 50
1986 10
1962 15
1967 15
1971 15
1982 15
1981 10
1964 1
1968 3
1965 50
1964 50
1970 15
1979 15
1976 3
1966 1
1968 20
1969 5
1980 10
1976 20
1991 10
1966 3
1984 20
1978 50
1965 50
1990 20
1972 2
1986 10
1976 5
1990 20
1976 2
1986 2
1973 1
1988 3
1967 50
1976 5
1985 10
1986 10
1968 15
1976 20
1978 2
1970 5
1964 1
1987 20
1967 1
1974 15
1991 10
1976 3
1972 2
1978 2
1973 1
1966 5
1971 2
1990 15
1962 50
1975 20
1962 1
1962 1
1983 1
1969 5
1964 20
1981 1
1968 15
1961 20
1972 5
1963 1
1971 15
1971 2
1982 15
1991 5
1979 1
1968 15
1973 20
1983 2
1976 20
1987 3
1987 5
1966 2
1970 5
1979 50
1981 2
1971 15
1987 3
1967 10
1989 10
1961 10
1985 10
1982 10
1979 1
1978 1
1969 10
1962 2
1962 50
1986 1
1964 10
1964 20
1970 2
1979 2
1989 3
1982 20
1991 1
1970 15
1988 10
1984 50
1968 5
1989 3
1984 15
1971 5
1965 50
1988 2
1973 3
1981 5
1972 2
1979 5
1981 3
1987 10
1978 1
1967 1
1978 10
1979 20
1981 20
1977 1
1975 10
1985 3
1968 50
1984 1
1972 15
1972 15
1987 1
1980 10
1973 15
1984 15
1990 20
1961 15
1972 15
1990 15
1985 3
1990 50
1991 3
1986 50
1964 50
1963 3
1983 1
1968 5
1989 15
1963 3
1980 10
1973 5
1987 10
1984 2
1982 20
1974 15
1987 5
1965 2
1982 15
1981 2
1978 5
1970 50
1961 50
1986 50
1968 50
1988 3
1983 2
1987 3
1975 10
1968 50
1967 15
1977 1
1990 15
1983 1
1972 15
1972 10
1977 1
1973 15
1976 50
1979 2
1964 3
1982 1
1962 2
1978 2
1961 1
1975 20
1968 10
1965 2
1978 3
1966 50
1984 5
1968 50
1974 3
1978 3
1976 15
1983 15
1989 15
1991 2
1973 5
1977 50
1969 50
1966 50
1978 15
1964 5
1983 20
1991 15
1979 20
1972 1
1965 3
1990 10
1961 20
1981 2
1979 3
1990 20
1963 3
1982 1
1971 1
1978 50
1969 10
1987 1
1968 3
1963 10
1964 10
1989 15
1979 50
1970 20
1985 3
1989 15
1984 20
1981 20
1964 50
1987 5
1961 1
1974 5
1975 15
1965 20
1974 5
1973 2
1970 15
1967 5
1968 15
1983 15
1982 15
1971 10
1990 50
1982 50
1978 1
1973 20
1988 20
1961 1
1975 15
1968 10
1979 2
1964 2
1975 15
1963 1
1986 5
1972 15
1970 1
1985 20
1967 20
1973 15
1965 50
1970 3
1976 5
1967 5
1978 2
1970 20
1976 15
1973 1
1987 20
1977 2
1981 5
1976 10
1967 20
1970 50
1975 10
1984 1
1987 1
1982 20
1985 10
1972 50
1980 10
1984 1
1989 15
1975 50
1972 15
1973 1
1974 5
1974 1
1970 15
1967 1
1962 5
1975 15
1971 15
1972 10
1988 15
1978 5
1990 10
1984 50
1976 2
1963 10
1985 3
1967 5
1968 50
1961 15
1984 15
1969 2
1978 10
1970 3
1972 15
1990 20
1967 5
1975 50
1961 2
1966 3
1989 2
1968 5
1978 10
1983 1
1964 2
1972 10
1987 2
1966 2
1986 10
1984 15
1985 20
1970 50
1972 15
1982 50
1967 15
1967 50
1979 50
1982 3
1985 20
1966 3
1972 5
1972 5
1966 2
1983 15
1964 3
1978 3
1965 1
1978 20
1976 3
1965 50
1989 20
1991 3
1981 1
1967 50
1991 5
1964 20
1973 50
1968 3
1964 3
1970 20
1982 5
1969 50
1983 1
1987 20
1967 2
1991 15
1977 10
1966 15
1982 1
1991 5
1964 1
1976 50
1981 3
1979 50
1969 1
1987 10
1963 1
1988 50
1975 5
1982 50
1971 15
1989 10
1986 10
1964 5
1973 50
1965 1
1981 5
1964 2
1965 20
1977 1
1972 3
1961 15
1965 15
1971 3
1991 10
1976 10
1979 1
1973 20
1975 50
1991 10
1972 50
1962 2
1979 15
1978 15
1989 20
1984 2
1972 5
1964 3
1983 10
1987 1
1978 15
1979 5
1968 2
1966 2
1979 5
1963 1
1969 10
1990 2
1962 5
1988 10
1966 15
1984 15
1968 50
1977 10
1975 20
1991 50
1971 5
1981 15
1988 2
1967 1
1976 1
1981 50
1985 20
1971 1
1973 1
1966 3
1969 3
1979 10
1983 1
1975 5
1967 50
1982 3
1980 3
1972 2
1976 2
1982 10
1988 10
1973 1
1973 1
1969 50
1979 10
1977 10
1961 50
1985 3
1984 5
1983 2
1980 15
1986 2
1974 2
1962 5
1983 15
1970 5
1963 3
1974 3
1961 20
1990 15
1977 1
1974 10
1964 15
1971 10
1976 5
1991 10
1963 3
1972 2
1981 10
1963 10
1967 20
1975 5
1984 1
1965 3
1990 20
1966 15
1987 2
1989 2
1990 10
1963 3
1981 3
1982 3
1968 3
1978 5
1988 10
1982 10
1988 2
1968 2
1982 1
1991 1
1974 10
1985 20
1961 2
1971 2
1990 50
1966 2
1974 3
1969 3
1969 2
1988 1
1971 10
1983 10
1977 50
1962 3
1964 20
1962 2
1968 20
1976 10
1981 20
1965 15
1990 3
1963 3
1987 20
1972 1
1973 15
1972 3
1984 15
1990 50
1989 10
1969 50
1991 50
1983 2
1991 50
1971 10
1969 2
1965 2
1990 2
1990 20
1966 50
1973 10
1985 5
1990 10
1964 2
1978 20
1989 50
1973 20
1964 5
1991 50
1977 1
1977 2
1963 20
1974 2
1982 50
1978 2
1982 2
1969 15
1978 2
1975 50
1975 2
1982 20
1964 15
1962 50
1967 50
1975 50
1964 3
1968 10
1967 5
1991 1
1975 5
1974 15
1988 20
1976 20
1979 10
1981 50
1969 15
1976 2
1984 50
1991 5
1965 15
1971 10
1980 1
1971 50
1974 10
1961 15
1982 1
1967 15
1966 50
1986 20
1983 2
1973 3
1963 20
1964 10
1970 3
1979 3
1979 1
1973 3
1968 2
1971 3
1978 5
1973 15
1971 50
1978 20
1963 1
1980 1
1964 15
1965 20
1966 20
1989 50
1981 15
1969 50
1969 2
1972 1
1963 10
1980 15
1990 10
1989 20
1963 10
1971 10
1978 10
1977 2
1966 5
1976 2
1962 3
1988 50
1988 2
1964 3
1964 15
1961 10
1970 20
1973 2
1974 1
1975 5
1977 10
1989 3
1984 15
1967 1
1976 50
1976 10
1974 3
1984 1
1979 1
1979 10
1978 10
1989 2
1964 1
1967 3
1987 3
1961 20
1961 2
1982 15
1972 1
1986 5
1968 3
1989 15
1976 1
1987 10
1984 50
1984 5
1987 2
1965 3
1975 20
1976 2
1978 2
1980 10
1970 50
1983 10
1983 3
1987 3
1981 1
1988 50
1977 10
1961 2
1989 15
1972 15
1986 5
1967 2
1976 10
1968 1
1982 3
1962 3
1986 10
1988 50
1989 10
1970 20
1990 3
1969 2
1988 15
1986 2
1970 2
1966 20
1976 5
1979 5
1977 50
1967 1
1986 1
1988 10
1977 10
1988 2
1979 15
1982 1
1965 3
1976 5
1965 20
1968 1
1963 1
1986 50
1970 2
1979 10
1967 2
1979 1
1987 5
1986 50
1977 10
1987 15
1980 15
1988 50
1979 5
1976 2
1965 1
1983 2
1971 2
1968 3
1969 50
1991 2
1978 10
1966 1
1964 10
1967 10
1979 1
1978 5
1984 2
1961 1
1975 50
1978 15
1979 15
1965 15
1968 15
1969 15
1968 50
1982 5
1989 50
1971 1
1965 2
1985 20
1974 1
1966 5
1978 15
1980 15
1986 10
1975 5
1983 3
1968 1
1971 10
1980 1
1965 50
1968 10
1976 20
1984 5
1976 3
1991 3
1964 10
1989 50
1974 5
1983 10
1961 10
1972 5
1961 3
1983 5
1967 50
1989 50
1961 1
1975 50
1973 3
1987 2
1978 20
1973 10
1986 10
1966 50
1977 1
1987 1
1973 5
1990 10
1967 3
1982 10
1971 10
1987 15
1980 3
1991 2
1963 1
1990 2
1964 2
1986 10
1978 3
1988 50
1965 15
1982 15
1983 20
1979 10
1989 50
1975 2
1988 10
1964 1
1983 10
1961 1
1978 10
1968 10
1985 5
1990 50
1973 3
1964 20
1971 15
1983 1
1965 20
1983 20
1984 15
1991 3
1988 50
1990 3
1989 3
1981 2
1989 10
1987 2
1970 2
1962 50
1991 50
1990 10
1986 10
1986 10
1978 20
1990 20
1962 15
1978 1
1963 10
1981 2
1966 1
1967 2
1975 2
1968 20
1991 5
1973 1
1970 2
1981 20
1965 20
1990 10
1975 50
1968 1
1973 2
1972 3
1964 20
1963 1
1973 50
1962 1
1978 20
1979 15
1980 1
1988 15
1984 5
1975 20
1986 2
1988 50
1963 3
1984 1
1971 50
1981 10
1970 3
1966 15
1975 10
1978 1
1984 15
1962 3
1987 3
1984 5
1963 1
1978 1
1970 1
1972 15
1976 2
1991 2
1987 3
1980 3
1961 10
1982 5
1970 15
1982 10
1967 10
1963 3
1967 2
1987 15
1970 1
1969 5
1979 3
1965 20
1984 1
1984 1
1961 15
1974 20
1983 15
1991 1
1969 3
1970 1
1976 3
1979 10
1974 3
1987 20
1973 3
1971 3
1988 1
1965 2
1975 50
1961 1
1985 10
1984 5
1969 5
1961 1
1984 20
1968 1
1973 2
1962 2
1969 2
1961 2
1979 50
1967 20
1961 50
1972 50
1972 5
1981 3
1982 2
1989 2
1971 10
1990 10
1976 15
1973 5
1988 20
1983 5
1968 15
1969 15
1979 15
1972 50
1969 2
1967 15
1974 15
1983 1
1984 2
1976 5
1986 2
1983 10
1971 5
1972 1
1989 3
1972 5
1986 50
1973 5
1979 15
1967 20
1964 3
1990 1
1962 15
1984 5
1968 15
1976 2
1968 1
1978 3
1991 10
1973 3
1983 1
1975 50
1975 10
1978 2
1991 3
1979 5
1981 3
1988 2
1965 2
1965 1
1991 3
1968 50
1988 1
1983 20
1978 3
1968 10
1981 15
1972 10
1969 3
1972 5
1967 5
1973 10
1961 10
1979 1
1991 2
1965 2
1964 50
1970 1
1972 50
1982 10
1982 15
1988 50
1990 50
1987 1
1961 2
1962 5
1968 1
1986 20
1987 5
1982 5
1982 3
1973 1
1973 3
1986 1
1963 20
1964 50
1985 10
1987 1
1982 2
1972 5
1968 2
1988 20
1968 20
1975 20
1975 5
1962 5
1991 15
1974 2
1990 3
1966 20
1973 3
1966 20
1967 2
1983 20
1968 15
1968 15
1987 3
1964 20
1974 3
1978 10
1970 5
1963 10
1972 2
1982 10
1969 2
1970 15
1976 1
1966 50
1961 15
1983 5
1981 1
1973 50
1973 5
1964 50
1989 20
1980 15
1975 2
1961 10
1967 20
1985 5
1982 50
1972 5
1981 15
1972 5
1974 1
1974 15
1969 15
1975 50
1990 20
1970 50
1990 1
1981 10
1978 1
1983 5
1988 50
1982 5
1966 50
1983 10
1966 1
1965 50
1980 15
1967 5
1969 50
1986 50
1969 10
1979 20
1963 1
1970 3
1977 1
1968 1
1979 1
1971 3
1967 20
1981 50
1981 1
1968 50
1979 1
1972 50
1974 10
1963 3
1990 3
1969 50
1976 3
1980 10
1976 10
1976 3
1989 50
1972 3
1988 2
1983 1
1968 15
1971 15
1966 1
1964 15
1986 2
1963 20
1982 2
1982 5
1988 3
1980 1
1970 3
1989 10
1978 2
1965 50
1961 10
1987 5
1965 20
1987 1
1972 1
1971 2
1970 5
1962 1
1978 50
1963 10
1972 2
1963 10
1990 15
1991 50
1975 15
1979 20
1986 10
1973 15
1972 1
1972 1
1974 3
1970 15
1983 20
1962 3
1971 15
1979 1
1969 5
1970 3
1984 50
1981 20
1980 3
1983 15
1969 2
1985 3
1976 20
1966 5
1981 5
1971 3
1977 2
1981 1
1972 10
1990 2
1971 15
1978 2
1986 10
1972 20
1989 20
1988 2
1989 2
1966 5
1980 10
1966 3
1972 10
1970 3
1978 15
1978 3
1985 5
1978 15
1976 1
1961 1
1987 3
1981 50
1982 15
1982 15
1971 10
1967 3
1976 10
1964 15
1971 2
1978 2
1969 10
1986 20
1987 5
1965 15
1979 50
1962 3
1982 2
1984 20
1981 5
1987 10
1991 15
1974 2
1966 2
1988 3
1966 5
1968 50
1964 50
1962 1
1967 5
1967 20
1981 50
1965 3
1968 5
1973 15
1973 3
1978 20
1968 1
1966 3
1983 10
1963 3
1972 20
1980 3
1969 1
1967 3
1973 2
1973 1
1973 5
1974 1
1977 2
1979 10
1979 50
1963 10
1969 15
1965 20
1967 2
1974 20
1964 3
1976 3
1962 15
1962 15
1964 15
1966 20
1962 15
1991 50
1975 5
1967 10
1980 3
1972 2
1971 3
1968 2
1991 50
1965 3
1978 3
1976 20
1971 5
1972 5
1986 2
1973 10
1981 50
1972 3
1978 2
1961 3
1963 20
1988 1
1967 1
1991 50
1964 10
1977 1
1978 10
1977 2
1969 50
1970 20
1990 10
1973 20
1973 50
1964 20
1973 20
1980 1
1973 20
1978 10
1985 3
1988 3
1990 15
1988 3
1982 3
1976 3
1977 50
1975 15
1971 5
1964 2
1982 50
1970 1
1990 3
1967 1
1988 15
1987 1
1966 5
1983 20
1988 20
1983 2
1966 20
1974 10
1984 20
1985 3
1985 10
1978 20
1980 10
1977 1
1986 2
1966 15
1983 5
1966 3
1963 20
1966 20
1977 50
1977 1
1987 3
1984 20
1990 10
1974 2
1968 20
1984 2
1982 2
1971 3
1970 5
1979 20
1979 50
1984 15
1965 20
1968 10
1961 10
1991 5
1969 3
1975 5
1971 10
1964 2
1983 2
1973 50
1966 5
1968 1
1979 15
1979 5
1963 20
1970 3
1989 2
1989 2
1969 50
1961 20
1974 1
1989 20
1984 2
1969 3
1978 20
1980 1
1986 20
1967 1
1980 10
1962 15
1980 3
1972 5
1971 50
1986 50
1975 2
1963 3
1983 20
1964 50
1967 20
1967 1
1990 15
1973 15
1969 10
1972 5
1988 3
1962 3
1964 20
1980 1
1976 15
1982 5
1972 15
1974 20
1984 20
1985 10
1972 3
1979 1
1966 20
1966 2
1968 1
1991 15
1968 10
1990 2
1989 3
1991 50
1982 15
1975 50
1978 10
1963 3
1963 10
1986 10
1981 10
1973 1
1976 5
1972 3
1976 20
1981 1
1981 1
1982 1
1973 20
1975 10
1967 3
1978 2
1965 15
1979 2
1972 15
1972 3
1986 1
1988 50
1981 2
1991 3
1986 50
1980 10
1962 50
1978 50
1972 20
1972 10
1968 3
1987 5
1974 5
1968 2
1984 2
1972 15
1987 1
1988 3
1961 20
1988 50
1965 2
1982 2
1981 10
1979 15
1979 20
1964 20
1976 3
1981 1
1968 3
1982 1
1962 50
1966 50
1971 2
1972 50
1980 3
1967 20
1963 20
1971 10
1974 1
1991 3
1968 2
1984 1
1963 10
1972 20
1988 1
1965 3
1978 20
1966 5
1961 20
1968 5
1976 2
1988 15
1986 50
1969 1
1981 5
1988 20
1963 10
1981 1
1972 15
1973 20
1976 50
1974 2
1971 50
1963 3
1986 20
1967 3
1991 50
1981 20
1979 10
1974 15
1962 1
1967 20
1971 50
1983 2
1990 2
1988 20
1979 50
1987 10
1962 2
1980 1
1977 10
1988 50
1982 5
1981 15
1961 50
1973 50
1988 2
1988 3
1987 20
1963 10
1966 20
1979 15
1980 15
1962 2
1968 3
1978 10
1964 3
1975 20
1973 15
1978 3
1973 5
1974 15
1961 10
1970 50
1963 10
1988 3
1979 15
1968 5
1979 50
1981 15
1987 5
1969 10
1988 20
1991 15
1975 50
1976 1
1984 15
1968 2
1971 1
1977 1
1962 15
1971 3
1986 50
1973 20
1985 5
1972 50
1982 2
1980 1
1988 10
1975 15
1975 15
1983 20
1970 3
1971 5
1967 20
1976 50
1986 50
1973 5
1961 1
1966 2
1966 15
1962 15
1978 1
1991 1
1975 10
1963 10
1986 1
1971 3
1961 3
1961 10
1967 1
1971 15
1986 20
1991 2
1983 10
1983 5
1984 20
1988 1
1964 50
1987 5
1962 2
1965 5
1987 15
1977 1
1989 10
1974 2
1973 2
1991 1
1965 3
1991 3
1979 3
1965 3
1971 3
1990 3
1984 2
1961 20
1965 3
1978 2
1964 5
1962 2
1989 15
1969 5
1986 50
1980 15
1969 5
1961 3
1986 50
1970 3
1990 1
1974 20
1986 1
1965 50
1985 10
1964 2
1962 15
1984 15
1965 20
1983 20
1966 1
1981 2
1979 2
1988 15
1969 2
1978 10
1987 10
1988 3
1968 3
1974 20
1989 20
1984 20
1965 15
1963 20
1967 2
1982 15
1962 2
1967 50
1966 1
1965 15
1975 2
1970 15
1969 3
1986 50
1985 5
1988 3
1963 1
1970 1
1980 10
1976 5
1989 50
1986 5
1987 5
1985 3
1964 15
1988 2
1962 3
1978 2
1991 10
1981 2
1978 2
1981 2
1961 20
1985 3
1987 15
1968 5
1989 2
1965 3
1980 1
1969 3
1966 15
1975 50
1965 3
1982 50
1972 50
1965 1
1968 1
1990 10
1974 20
1962 50
1976 5
1976 3
1963 1
1988 1
1968 50
1990 2
1976 20
1977 2
1986 10
1982 50
1986 50
1972 5
1987 5
1991 2
1969 3
1973 2
1979 20
1969 5
1985 20
1974 5
1962 1
1968 20
1982 15
1971 2
1984 15
1973 10
1984 5
1976 50
1983 3
1971 5
1968 15
1972 15
1987 5
1978 20
1990 20
1969 1
1961 1
1976 3
1979 1
1969 1
1991 5
1991 10
1984 5
1986 50
1978 2
1969 10
1987 3
1976 15
1981 15
1970 3
1980 3
1974 2
1973 5
1972 20
1969 1
1983 1
1971 10
1968 15
1980 1
1984 1
1976 20
1968 50
1979 5
1968 20
1969 1
1979 10
1987 3
1972 15
1976 1
1989 2
1989 3
1986 10
1991 5
1970 5
1965 5
1983 5
1980 15
1976 50
1980 3
1973 1
1970 50
1984 5
1963 1
1974 1
1986 5
1975 50
1983 15
1970 2
1965 3
1990 10
1974 1
1970 5
1979 20
1981 2
1982 15
1961 50
1978 20
1961 1
1972 15
1962 50
1973 1
1974 5
1961 3
1986 1
1981 20
1987 10
1990 15
1967 2
1983 1
1964 10
1984 1
1972 3
1974 10
1961 3
1983 1
1962 15
1962 3
1976 2
1969 1
1974 15
1977 50
1982 15
1966 2
1965 15
1974 1
1970 50
1964 15
1990 50
1963 10
1980 15
1968 1
1973 2
1972 5
1986 5
1968 50
1984 15
1990 15
1975 20
1983 2
1986 10
1961 15
1984 1
1989 2
1965 2
1982 1
1975 10
1986 20
1962 15
1982 15
1976 50
1986 2
1966 50
1965 2
1967 3
1962 1
1969 15
1968 2
1990 50
1987 1
1961 20
1962 3
1979 10
1989 50
1978 3
1970 5
1988 3
1984 2
1974 10
1988 10
1991 3
1970 15
1974 20
1972 15
1989 20
1986 20
1977 1
1984 50
1962 3
1974 1
1989 50
1980 1
1969 10
1979 5
1980 15
1961 1
1988 10
1990 1
1985 5
1972 2
1961 20
1969 10
1977 2
1981 10
1972 3
1986 1
1972 2
1961 10
1990 2
1987 10
1969 5
1983 1
1981 20
1965 50
1973 10
1983 10
1962 3
1967 20
1968 2
1983 15
1989 2
1968 2
1979 50
1966 5
1980 3
1972 1
1967 1
1987 20
1970 1
1973 3
1971 5
1991 50
1977 1
1987 3
1967 20
1977 1
1978 5
1973 2
1977 10
1981 50
1980 15
1979 3
1961 3
1982 10
1983 1
1966 1
1983 5
1982 15
1986 50
1961 15
1965 20
1983 2
1972 1
1978 3
1986 1
1986 2
1976 10
1969 5
1969 15
1976 2
1966 50
1961 2
1973 1
1967 3
1972 15
1981 15
1991 5
1978 50
1967 50
1975 50
1963 3
1971 2
1979 3
1979 1
1968 2
1991 5
1981 2
1978 20
1966 5
1991 10
1961 1
1964 3
1986 1
1973 2
1965 50
1967 50
1978 10
1976 20
1982 10
1966 5
1975 50
1985 3
1991 5
1969 5
1975 2
1991 1
1984 15
1963 3
1962 5
1970 2
1968 10
1989 50
1979 3
1969 3
1979 2
1971 1
1981 2
1973 15
1962 50
1979 2
1989 10
1968 10
1991 2
1973 50
1987 20
1979 3
1980 3
1964 15
1968 10
1981 50
1981 5
1981 2
1987 5
1981 15
1991 1
1989 15
1969 1
1965 15
1967 10
1981 3
1971 10
1973 10
1991 2
1968 20
1972 1
1990 3
1964 10
1976 15
1973 2
1968 2
1969 10
1985 3
1962 2
1965 3
1990 10
1969 1
1989 50
1962 15
1981 5
1983 15
1964 1
1970 5
1969 5
1988 3
1985 10
1990 20
1982 1
1972 5
1977 1
1987 3
1982 15
1977 2
1989 20
1973 2
1962 3
1991 15
1977 1
1963 10
1966 3
1990 50
1982 3
1978 50
1969 5
1989 20
1967 50
1981 3
1977 50
1963 20
1974 1
1974 20
1963 20
1966 5
1981 10
1984 15
1962 50
1962 2
1977 2
1974 3
1965 50
1966 50
1991 2
1973 1
1980 15
1968 5
1977 50
1983 2
1976 50
1963 10
1971 15
1979 10
1972 1
1987 15
1964 3
1976 1
1967 1
1962 5
1973 5
1991 15
1963 10
1990 10
1969 10
1976 3
1975 5
1986 50
1987 20
1964 20
1978 50
1985 3
1969 1
1984 15
1969 15
1969 3
1976 2
1966 2
1984 50
1971 10
1965 5
1973 20
1986 5
1971 50
1964 50
1976 2
1961 20
1974 20
1979 15
1966 50
1975 5
1990 20
1969 1
1972 15
1981 3
1976 15
1975 15
1981 10
1964 2
1966 50
1974 20
1973 1
1968 10
1986 5
1983 10
1971 50
1976 15
1985 5
1988 10
1965 3
1967 3
1972 20
1981 2
1961 3
1970 50
1978 15
1962 3
1987 10
1981 15
1986 50
1968 50
1982 10
1991 50
1973 15
1982 2
1978 5
1975 15
1968 1
1961 2
1990 15
1988 1
1967 2
1974 10
1991 5
1975 15
1974 20
1973 1
1965 50
1983 20
1973 15
1981 5
1981 50
1984 50
1985 10
1976 5
1991 50
1981 1
1985 3
1971 50
1962 1
1980 10
1974 2
1966 15
1962 5
1984 2
1974 3
1962 5
1982 50
1988 10
1972 3
1969 15
1981 5
1987 2
1971 50
1973 15
1979 10
1976 10
1980 15
1961 10
1968 15
1979 10
1989 50
1968 1
1978 2
1988 1
1967 5
1971 1
1981 5
1978 2
1969 5
1972 10
1967 15
1961 15
1969 5
1972 1
1978 1
1990 2
1977 1
1972 10
1981 10
1987 2
1974 1
1982 3
1967 5
1966 3
1987 3
1988 1
1974 20
1970 1
1986 50
1961 1
1987 3
1991 50
1968 10
1991 15
1972 10
1980 15
1973 5
1984 50
1966 3
1969 10
1988 3
1991 5
1979 50
1968 5
1977 10
1967 50
1972 20
1987 3
1978 5
1964 2
1978 20
1971 5
1969 5
1984 1
1979 20
1965 20
1971 1
1965 50
1980 1
1981 3
1982 5
1981 20
1964 15
1985 5
1977 10
1965 15
1989 2
1967 10
1965 50
1986 1
1966 50
1965 20
1985 20
1982 20
1978 15
1990 2
1964 1
1971 1
1963 3
1978 1
1991 15
1976 10
1965 3
1976 2
1979 20
1989 20
1969 2
1967 5
1971 1
1962 3
1973 3
1976 15
1964 3
1975 20
1968 20
1977 2
1966 15
1965 2
1989 20
1988 1
1979 2
1984 15
1967 5
1986 50
1987 20
1982 1
1963 3
1962 50
1989 50
1962 1
1976 20
1979 3
1985 20
1964 10
1962 50
1982 10
1979 5
1988 20
1986 50
1961 15
1964 20
1969 15
1983 20
1969 1
1974 5
1971 15
1966 2
1983 10
1978 15
1964 15
1962 50
1965 3
1978 1
1970 15
1978 10
1968 2
1985 3
1965 20
1969 3
1977 10
1967 5
1981 50
1974 20
1976 3
1972 2
1971 15
1975 15
1980 10
1968 5
1988 10
1968 1
1987 3
1977 2
1969 3
1962 1
1982 10
1988 20
1986 5
1964 20
1965 20
1981 15
1968 5
1983 1
1982 3
1973 1
1964 15
1989 2
1971 3
1989 15
1982 2
1979 3
1971 50
1965 20
1971 50
1988 10
1966 5
1964 2
1983 15
1981 20
1965 15
1979 2
1985 10
1973 50
1981 20
1971 50
1980 10
1966 15
1987 15
1966 20
1965 1
1979 15
1976 5
1969 3
1966 20
1970 50
1983 10
1985 5
1968 20
1967 50
1985 20
1962 3
1965 15
1971 5
1969 3
1981 15
1973 15
1975 5
1988 1
1963 20
1987 1
1968 1
1983 3
1981 1
1974 5
1975 2
1967 3
1990 10
1961 15
1981 2
1969 50
1983 20
1987 3
1975 5
1968 3
1966 5
1979 2
1962 50
1982 1
1988 50
1991 3
1965 2
1991 2
1990 1
1979 20
1968 10
1989 20
1982 2
1980 1
1990 20
1970 5
1976 2
1961 3
1971 2
1971 15
1991 10
1983 20
1962 2
1989 20
1988 15
1981 15
1971 10
1983 20
1983 3
1985 5
1971 2
1974 1
1966 15
1979 50
1966 50
1987 1
1979 3
1982 2
1981 2
1963 3
1982 10
1988 15
1970 50
1961 1
1982 20
1991 2
1962 3
1969 3
1963 1
1971 1
1968 1
1982 3
1969 3
1973 50
1988 50
1981 15
1990 50
1962 15
1991 15
1984 20
1980 10
1978 5
1967 20
1989 2
1961 1
1965 1
1967 10
1968 10
1972 1
1968 50
1988 15
1990 2
1964 20
1966 2
1967 1
1964 3
1988 15
1972 15
1989 2
1974 1
1991 10
1975 2
1991 5
1967 15
1991 10
1964 10
1990 10
1967 10
1987 15
1980 10
1983 10
1979 3
1970 1
1976 50
1973 3
1965 2
1971 5
1984 2
1968 5
1978 1
1968 2
1970 15
1977 10
1975 2
1982 3
1964 50
1981 2
1974 20
1966 50
1982 1
1987 3
1983 5
1982 3
1973 3
1976 5
1970 15
1968 15
1962 2
1981 50
1966 3
1982 3
1976 1
1989 2
1976 1
1964 15
1971 2
1969 1
1961 1
1979 5
1966 5
1967 3
1981 3
1978 20
1981 10
1973 50
1967 20
1982 15
1962 3
1987 20
1989 2
1983 10
1964 1
1970 2
1984 50
1969 1
1966 50
1965 20
1967 15
1968 3
1969 10
1984 2
1977 50
1981 15
1989 2
1975 20
1991 5
1974 20
1991 2
1964 5
1961 20
1989 15
1975 2
1962 2
1986 20
1966 1
1961 20
1979 2
1976 5
1965 3
1990 1
1990 50
1973 20
1968 10
1962 2
1989 10
1969 50
1968 50
1963 20
1962 2
1981 10
1964 15
1987 2
1965 3
1985 20
1974 20
1970 20
1965 1
1984 15
1973 15
1973 10
1972 50
1977 2
1990 50
1970 2
1961 10
1967 20
1988 3
1984 1
1983 15
1976 3
1962 50
1988 1
1982 50
1967 20
1961 3
1967 15
1986 2
1985 5
1973 3
1968 20
1979 50
1965 15
1974 10
1973 15
1981 15
1987 15
1982 5
1961 15
1978 20
1969 50
1987 15
1976 3
1970 1
1990 50
1971 3
1982 50
1971 10
1967 5
1978 2
1961 10
1977 10
1981 5
1969 15
1985 20
1967 5
1961 15
1969 2
1967 1
1963 20
1970 50
1964 3
1966 5
1966 50
1978 5
1976 5
1982 50
1971 5
1975 5
1962 3
1988 15
1979 20
1983 2
1991 50
1975 5
1980 1
1966 1
1965 5
1981 2
1984 15
1969 1
1973 15
1961 2
1970 50
1982 3
1978 1
1989 10
1976 15
1978 3
1988 3
1969 10
1975 15
1964 2
1987 3
1964 20
1970 50
1971 3
1991 10
1984 1
1990 50
1991 15
1971 3
1971 15
1989 10
1967 15
1967 15
1974 15
1990 50
1982 10
1984 5
1971 15
1981 5
1965 3
1972 1
1972 5
1970 50
1986 10
1973 15
1973 5
1973 15
1973 3
1989 50
1969 2
1969 10
1978 5
1989 50
1974 20
1970 3
1978 1
1970 3
1969 1
1974 20
1985 3
1986 5
1969 1
1966 20
1968 2
1973 5
1967 2
1963 1
1981 20
1975 2
1969 3
1969 10
1970 5
1983 20
1976 20
1987 15
1962 3
1973 2
1968 2
1979 3
1966 20
1981 50
1991 1
1980 3
1972 15
1975 20
1966 1
1991 1
1967 5
1966 20
1979 5
1981 20
1986 50
1978 20
1969 50
1974 20
1981 50
1964 10
1981 2
1965 1
1987 2
1982 3
1969 15
1982 20
1975 10
1978 15
1965 5
1987 1
1976 10
1976 20
1982 50
1965 2
1991 10
1972 3
1972 10
1966 15
1969 10
1989 15
1976 15
1964 10
1984 5
1981 50
1966 3
1964 10
1964 15
1979 2
1984 20
1976 1
1990 2
1963 3
1973 1
1975 50
1970 15
1984 2
1984 50
1966 3
1989 20
1976 2
1978 50
1968 3
1977 2
1981 5
1973 3
1964 5
1983 5
1967 1
1967 10
1975 2
1962 3
1964 10
1988 1
1978 10
1979 1
1978 50
1961 2
1969 3
1984 50
1981 50
1987 15
1985 3
1978 20
1983 1
1966 1
1982 1
1991 2
1964 2
1966 15
1972 5
1964 2
1967 3
1991 3
1982 20
1983 20
1989 50
1965 2
1979 20
1990 15
1972 1
1981 15
1972 3
1981 2
1966 20
1967 50
1991 15
1965 1
1966 20
1976 2
1964 5
1990 2
1968 20
1972 15
1971 1
1967 15
1984 20
1964 10
1988 20
1965 50
1966 50
1969 3
1965 50
1991 3
1977 10
1984 5
1966 2
1966 20
1991 10
1981 20
1982 1
1989 10
1968 10
1985 5
1969 50
1983 5
1966 5
1978 50
1971 50
1965 50
1968 20
1984 5
1962 1
1970 2
1978 5
1964 2
1968 3
1962 2
1986 1
1977 50
1982 10
1965 2
1986 5
1991 10
1981 5
1966 50
1968 1
1971 1
1975 15
1967 3
1976 2
1968 15
1964 3
1967 15
1969 5
1969 50
1967 1
1978 50
1987 3
1966 15
1986 5
1987 3
1967 3
1970 2
1989 50
1983 3
1965 50
1982 10
1980 15
1981 20
1985 20
1968 50
1970 20
1962 3
1988 50
1962 1
1962 5
1971 5
1964 15
1985 20
1976 15
1980 3
1987 1
1968 3
1962 3
1961 1
1987 20
1988 10
1964 50
1964 15
1983 2
1986 2
1962 15
1978 1
1982 2
1989 50
1964 2
1983 5
1986 20
1989 20
1990 10
1991 50
1969 5
1970 3
1967 10
1963 10
1967 50
1981 5
1964 2
1988 50
1991 10
1981 10
1965 3
1984 2
1991 50
1973 15
1976 20
1961 3
1987 3
1962 3
1983 2
1968 1
1979 5
1987 1
1991 50
1989 50
1991 50
1971 1
1981 15
1979 10
1989 20
1987 5
1978 1
1976 2
1979 20
1987 10
1981 3
1961 20
1989 10
1983 5
1982 1
1991 1
1986 2
1990 2
1969 50
1970 20
1970 15
1983 15
1969 2
1985 3
1969 15
1967 1
1962 2
1985 20
1966 2
1980 10
1965 2
1969 1
1991 10
1968 15
1965 15
1974 3
1982 1
1991 1
1966 3
1973 1
1972 3
1965 3
1979 20
1965 2
1965 15
1990 1
1986 5
1984 5
1978 3
1970 5
1990 1
1983 2
1961 50
1973 20
1968 3
1974 3
1988 20
1966 1
1964 5
1981 20
1989 2
1974 2
1969 15
1981 15
1972 5
1963 20
1961 1
1961 10
1966 5
1974 1
1978 1
1966 3
1980 15
1962 15
1988 2
1987 10
1968 50
1967 10
1990 10
1968 5
1971 1
1975 5
1973 15
1985 5
1976 15
1984 50
1984 2
1988 50
1973 3
1988 15
1976 1
1991 3
1970 20
1965 1
1964 10
1967 2
1970 2
1984 15
1991 15
1986 2
1975 20
1979 10
1964 1
1982 50
1989 10
1980 15
1988 15
1968 15
1962 3
1988 20
1962 5
1986 20
1962 15
1978 5
1967 15
1969 15
1972 15
1990 20
1964 5
1966 5
1990 50
1963 10
1967 20
1978 2
1973 50
1974 20
1966 15
1991 1
1991 15
1961 20
1972 50
1990 15
1982 10
1991 15
1973 2
1982 5
1991 50
1987 20
1963 20
1989 50
1985 20
1982 5
1991 1
1983 3
1962 1
1970 50
1970 20
1983 5
1970 5
1983 5
1971 5
1964 3
1982 20
1968 20
1981 20
1988 2
1969 50
1988 2
1977 50
1962 50
1975 10
1974 2
1965 20
1986 20
1990 10
1979 15
1975 2
1969 15
1972 15
1977 50
1968 1
1987 15
1973 10
1961 10
1969 10
1964 2
1975 10
1976 50
1974 5
1978 10
1975 5
1962 15
1981 5
1974 15
1983 1
1981 10
1982 2
1971 15
1970 5
1973 3
1969 15
1969 2
1986 10
1964 50
1974 20
1982 20
1967 15
1961 10
1987 10
1967 1
1976 2
1972 15
1977 50
1983 10
1964 1
1986 10
1978 2
1980 3
1982 5
1975 10
1977 10
1972 10
1970 3
1967 5
1963 3
1989 50
1972 3
1977 10
1989 3
1961 3
1982 50
1972 2
1987 3
1977 50
1983 20
1965 15
1979 10
1990 20
1981 50
1970 5
1975 50
1988 1
1984 15
1987 15
1985 10
1980 3
1974 3
1968 50
1974 5
1965 2
1965 5
1968 5
1987 15
1971 50
1962 2
1981 20
1989 50
1973 20
1964 5
1988 20
1966 50
1970 1
1963 20
1970 2
1970 3
1982 15
1972 10
1978 1
1982 10
1962 15
1975 15
1981 15
1990 10
1987 10
1968 15
1976 10
1982 10
1967 5
1968 10
1978 50
1991 2
1986 1
1981 1
1982 5
1987 2
1977 50
1967 10
1964 3
1978 5
1981 5
1984 20
1983 20
1986 5
1985 10
1973 2
1990 2
1969 50
1969 10
1983 5
1974 20
1971 10
1971 15
1961 20
1961 15
1968 5
1990 1
1968 10
1975 20
1972 20
1965 5
1980 1
1965 20
1988 3
1991 2
1991 5
1987 2
1978 5
1966 3
1971 5
1975 2
1973 5
1986 5
1980 10
1989 10
1973 2
1991 50
1965 1
1976 15
1968 2
1970 3
1972 15
1976 20
1967 50
1967 10
1969 5
1973 10
1989 10
1990 10
1964 5
1982 3
1975 2
1965 1
1967 3
1978 1
1990 10
1978 2
1990 2
1984 50
1974 3
1977 10
1986 20
1976 2
1983 5
1970 1
1991 3
1963 1
1987 5
1968 15
1990 1
1968 3
1978 15
1990 50
1962 15
1989 3
1970 20
1972 5
1985 5
1981 15
1986 50
1976 1
1967 20
1973 5
1982 3
1962 3
1984 2
1991 50
1963 3
1975 15
1964 20
1991 5
1982 15
1983 15
1982 5
1978 1
1968 15
1979 50
1971 2
1970 15
1962 3
1981 10
1970 2
1986 20
1961 3
1983 1
1989 50
1977 1
1965 5
1964 5
1976 3
1977 2
1974 3
1970 3
1971 3
1988 10
1966 3
1974 2
1964 50
1970 3
1987 1
1971 50
1962 2
1988 15
1975 15
1987 2
1979 1
1979 50
1971 1
1979 1
1965 2
1984 1
1973 10
1978 1
1966 15
1989 3
1984 5
1980 3
1982 5
1967 5
1966 15
1961 10
1972 10
1981 5
1984 15
1988 50
1981 20
1972 5
1969 2
1986 10
1975 50
1978 15
1963 1
1967 15
1975 50
1969 3
1967 20
1971 10
1974 2
1980 3
1984 50
1964 50
1963 3
1964 2
1991 50
1975 5
1972 10
1976 1
1974 2
1981 2
1974 20
1991 15
1975 10
1987 15
1979 10
1976 15
1974 10
1991 3
1976 15
1965 3
1986 2
1976 3
1975 15
1982 20
1973 15
1979 10
1981 15
1978 10
1979 50
1963 3
1961 2
1969 3
1970 5
1969 15
1979 50
1970 15
1971 1
1974 1
1980 1
1983 5
1981 10
1964 1
1976 10
1968 3
1965 3
1979 50
1971 2
1967 3
1963 20
1978 3
1989 50
1969 10
1981 20
1972 50
1982 2
1969 10
1981 20
1981 15
1989 15
1978 1
1974 2
1979 10
1968 50
1972 2
1984 50
1988 1
1973 1
1972 5
1973 3
1976 2
1969 15
1964 10
1966 3
1967 1
1972 3
1961 50
1968 5
1990 2
1980 3
1970 2
1981 10
1964 1
1969 15
1962 5
1984 5
1974 20
1962 5
1969 15
1981 10
1989 10
1982 50
1983 1
1974 20
1978 3
1962 3
1964 15
1967 3
1965 15
1961 15
1971 15
1987 10
1986 20
1967 15
1983 3
1983 1
1962 5
1988 20
1990 1
1987 2
1966 5
1991 50
1973 15
1990 3
1965 1
1966 15
1970 3
1961 20
1964 1
1978 5
1975 10
1974 15
1966 50
1988 20
1971 2
1962 1
1963 20
1979 15
1961 1
1961 3
1981 20
1988 10
1990 1
1967 15
1962 5
1984 20
1966 20
1974 15
1966 1
1989 15
1991 10
1963 1
1969 15
1983 15
1964 20
1989 15
1976 10
1964 3
1988 50
1969 10
1985 5
1988 50
1967 3
1984 15
1972 15
1981 15
1986 20
1987 15
1986 10
1979 50
1963 3
1978 3
1979 5
1962 1
1963 1
1990 1
1961 2
1961 3
1983 5
1962 1
1988 20
1968 15
1983 20
1987 3
1981 1
1983 5
1963 20
1984 2
1988 15
1974 15
1990 10
1966 5
1975 20
1976 2
1975 15
1967 10
1962 1
1966 20
1962 15
1969 5
1984 1
1965 20
1976 20
1989 15
1991 15
1975 5
1985 5
1976 1
1963 1
1983 5
1984 50
1982 1
1965 50
1965 5
1973 5
1984 50
1978 10
1977 50
1989 2
1983 20
1984 15
1978 50
1984 50
1971 10
1981 50
1986 2
1973 3
1991 5
1966 2
1990 50
1987 1
1981 3
1988 10
1988 10
1976 15
1975 2
1981 3
1969 15
1972 10
1965 3
1971 50
1978 1
1989 20
1966 15
1966 15
1966 5
1989 2
1991 2
1981 15
1968 1
1985 5
1965 5
1966 2
1967 10
1988 20
1962 15
1972 2
1973 20
1972 5
1974 5
1980 15
1973 10
1976 50
1968 15
1972 10
1984 2
1965 1
1983 20
1966 5
1972 20
1987 20
1971 10
1961 2
1974 10
1961 2
1969 3
1963 3
1973 5
1983 15
1978 50
1974 20
1990 50
1990 2
1980 3
1964 3
1987 2
1968 10
1975 5
1983 2
1962 5
1965 1
1961 2
1978 50
1983 15
1974 20
1965 50
1990 10
1976 5
1970 15
1986 10
1962 2
1975 5
1976 10
1971 50
1966 5
1966 15
1983 10
1980 1
1982 2
1980 15
1986 1
1971 1
1973 50
1979 5
1978 10
1969 50
1972 50
1961 2
1977 10
1967 3
1975 5
1962 1
1969 1
1986 5
1980 15
1978 5
1978 10
1971 50
1981 5
1973 3
1973 50
1976 50
1965 5
1990 20
1974 5
1968 20
1980 15
1990 50
1972 5
1971 1
1974 2
1978 15
1990 1
1965 50
1984 20
1982 2
1982 5
1966 50
1961 1
1986 1
1974 10
1968 3
1964 2
1967 5
1976 10
1964 50
1981 5
1967 1
1983 10
1965 3
1969 50
1986 1
1974 1
1983 2
1975 10
1976 15
1963 1
1989 50
1974 5
1969 1
1961 2
1973 50
1983 1
1971 1
1965 15
1985 3
1979 3
1976 50
1981 50
1982 3
1969 3
1990 2
1965 50
1969 1
1971 3
1973 2
1974 3
1978 3
1972 20
1981 3
1970 20
1971 15
1967 15
1974 10
1965 2
1989 50
1969 5
1965 1
1977 2
1976 15
1980 1
1970 15
1981 50
1983 10
1979 10
1962 50
1966 50
1981 20
1971 50
1972 3
1989 3
1990 3
