500 73
763
594
409
508
23
350
314
164
386
187
888
144
112
469
282
336
439
453
881
128
481
643
282
448
210
634
598
653
630
892
838
472
286
696
403
919
153
548
45
996
156
494
948
956
506
334
966
351
720
471
361
170
320
138
410
458
557
498
548
268
537
217
787
172
173
549
581
166
243
515
73
44
449
505
531
810
399
297
270
878
28
556
184
378
718
146
3
802
75
419
272
220
828
278
279
982
114
553
969
885
624
432
373
623
716
711
336
886
64
575
194
8
34
593
381
216
36
97
457
473
635
922
250
225
700
234
408
417
494
632
468
761
142
451
583
600
821
566
839
753
618
235
46
598
907
110
331
253
140
160
434
467
992
209
402
692
871
519
218
656
888
215
673
1000
287
725
129
814
958
473
100
945
512
116
408
639
886
414
612
656
948
727
701
603
678
847
381
68
151
775
231
150
191
268
875
315
439
767
793
5
574
733
144
560
885
624
597
322
616
572
177
493
303
462
400
409
316
297
700
919
556
430
879
677
755
161
446
461
664
173
655
479
659
156
140
254
337
475
599
213
986
26
977
120
173
198
886
135
397
444
201
399
303
617
325
659
4
438
639
704
547
867
982
178
429
482
362
593
77
284
698
899
987
401
693
698
370
606
994
608
560
207
528
695
114
229
417
325
852
916
361
809
728
75
586
839
929
442
879
537
928
969
431
851
367
414
631
758
708
79
125
667
348
286
831
897
944
370
104
857
592
792
397
598
929
358
971
752
561
157
345
455
187
867
973
158
797
715
298
465
852
503
740
389
338
877
548
724
947
156
524
930
111
414
737
617
261
693
348
110
235
805
423
286
187
187
801
128
597
758
582
759
591
496
432
366
32
709
751
423
946
914
377
139
383
721
789
354
385
931
700
285
572
456
407
747
134
795
739
920
126
75
503
87
225
218
855
786
881
557
443
704
689
18
659
154
189
59
611
21
137
977
569
66
6
411
562
910
546
302
667
555
578
155
713
908
94
817
554
663
632
602
171
173
39
133
355
742
259
107
120
431
319
564
754
796
389
500
475
861
874
793
113
633
740
43
519
426
944
131
254
948
163
985
516
802
248
208
596
267
129
797
247
677
932
8
297
884
442
775
271
358
667
991
778
79
133
448
676
905
