5000
888589
683830
265900
239813
768068
434391
971324
867190
689206
808769
596808
790838
172391
418613
560734
431187
302712
455349
267370
766700
254314
544573
553230
511202
580285
588124
700723
829522
889625
346719
927165
588011
815987
325453
585548
306498
648428
557044
287896
811161
986111
115682
771211
248600
949408
483788
135293
530427
158337
168241
994963
900504
563299
329746
646657
698717
994698
264016
518198
548585
226964
830636
780464
505678
966199
176078
930584
743084
582301
392232
616667
420610
677313
710496
751431
608403
122885
150229
815722
427409
958558
942827
876726
535369
543623
253645
718164
255280
399928
937271
415326
392316
523445
974662
137781
586039
417174
391423
552210
397943
458788
337832
843377
857934
692457
672535
285271
728637
993286
844374
345875
732250
396982
150534
550273
445585
426709
833658
139134
945233
896579
514839
825201
766830
630861
404164
855881
337043
117962
248744
142835
111443
214574
617220
298225
199578
130176
865947
934386
442807
592665
298702
228375
420620
967363
144791
147181
983034
360909
822281
632163
470197
204063
913311
406349
874803
224916
881992
233640
260994
596373
700670
754822
194043
866218
555382
637812
421286
993271
782209
739156
210705
602688
605549
293045
356205
379922
662171
550177
818756
170780
826326
919547
413590
688792
197187
689814
733806
134796
932113
514374
786491
248546
840595
333558
567360
167061
767483
595997
964503
319019
755163
104009
445412
665964
728731
963619
465083
238350
403521
690045
538335
551349
867094
847317
626065
610514
871620
926152
755482
367527
773180
434113
496000
442049
740673
935490
158401
984759
162153
550351
697944
257693
183556
754027
906163
506141
319145
431617
321941
252902
612988
225111
288771
929189
779077
452892
584014
741398
305406
512843
964549
417442
692144
391860
526272
276877
552706
626198
620485
323519
367448
369541
341717
818162
733240
620342
206919
854335
247216
371399
492278
114178
471838
107377
934661
866206
191019
372768
950720
107795
696833
988649
688329
488633
102335
722842
247932
898711
236355
825431
243605
234452
265686
193214
918479
538356
241630
656293
540725
882396
651795
824286
395729
377154
858572
475852
551695
994394
682832
162934
562689
252659
842837
836587
512672
265477
315357
986164
958690
787685
737818
172189
392484
185963
715261
615262
794269
607222
917514
475065
529611
886861
821884
190774
391831
665464
609500
466622
858006
469008
151632
713657
984631
643322
816607
460698
615965
881310
549141
962264
134256
891155
568499
747380
927487
105164
506928
768644
771484
440779
111984
958561
662483
937959
539978
963059
404973
750457
777728
281547
134155
233624
183918
837429
236240
294144
750712
211834
676048
795755
534625
857506
880898
328614
189569
369645
684305
781484
437813
936147
812556
569122
757132
587396
139049
906030
395873
456109
329737
401154
932713
999866
351672
814435
525026
848218
785345
878908
124733
713831
581415
401784
246146
609346
431012
876733
930327
298335
452383
882045
881924
198029
436530
711643
202032
263259
241529
645667
741402
901164
314544
701577
236154
399003
438026
137570
635763
551718
265890
986097
898800
119417
455000
214643
907179
188066
990213
546649
969513
121849
152766
202491
370608
124624
339951
888303
734726
733047
912058
414063
556563
993962
807843
556773
494393
618802
241931
778232
386525
756670
134103
329815
627549
657838
551800
187133
193708
135723
570030
490861
290225
239123
537293
560069
499625
196548
220736
920928
226080
517130
321859
234244
201043
278656
991693
516954
846691
147008
680421
169243
216867
689748
254850
920910
524155
754520
209322
842807
587088
899491
521570
823959
901254
179650
679688
832566
820083
254894
574492
951595
597034
572376
958387
454375
267011
408832
268273
355433
803476
175579
969555
432258
535553
659036
418222
378210
988365
813929
275198
395868
985610
783152
947106
957513
588091
576377
382824
233927
573503
312020
879495
662725
967350
599906
445770
635236
999214
317642
606858
520106
470959
290450
767688
423461
647854
421274
578085
596589
821385
216226
956421
986843
835754
249670
243513
752757
534290
235405
298240
366427
498608
671812
155469
163594
829351
808870
840991
573663
397398
844165
327814
654716
725820
799638
879267
937409
596376
309115
219598
287552
418070
698557
447982
566885
225786
613241
819865
232832
875068
761695
614352
225830
835889
700076
792303
441788
803154
712789
949011
166203
272551
961851
710960
989983
214466
985442
912659
358960
820919
344270
437348
201348
384291
835572
416825
302956
929420
613855
201979
183635
684360
409975
733557
986984
465359
988655
948645
657170
782858
120524
652635
862734
905459
672657
494185
405749
773064
891791
566978
690327
914289
949387
674540
289096
435796
977306
435954
410949
774692
849695
866111
791554
100760
459434
958731
226364
213942
741980
665856
794378
496703
483320
967092
396642
121478
146452
478969
436455
477751
933568
958686
239371
211065
917479
164754
442037
719682
210610
112166
200690
241607
556500
150097
496223
476404
835621
602919
259233
324414
351122
731362
944298
922682
579648
844240
145845
220106
899477
828955
661330
360408
421371
462512
396110
216601
148167
702756
349293
301534
218638
972309
295180
938747
193724
302719
885670
970732
900571
338618
996003
196845
215356
801399
893394
698240
407743
118879
254113
885349
500225
898410
505882
454856
505278
150350
723169
906312
999746
921299
492301
336275
712068
968276
734040
926613
386518
218510
610484
442680
251761
799143
684228
881517
844564
642912
207554
518792
410466
606706
497250
948043
831219
708475
512940
585078
120044
269492
978177
637441
257715
788817
456353
633785
340143
149228
603363
957845
522893
430247
297550
127631
516062
952371
644011
170247
554640
649216
801578
278837
441107
972177
142149
431559
199002
311331
238846
185441
996510
517181
240945
105897
529210
641836
628836
653539
157414
402799
923855
682331
358149
816703
945000
445082
588333
955449
419434
295233
857551
768822
141830
670866
940138
478327
244410
760430
686331
718755
332579
283313
435847
963678
362222
572187
634733
446865
811196
210903
755631
545862
610174
578594
866347
940284
982192
290346
472412
759295
946491
866308
245551
241443
572158
871397
854654
204748
719203
566022
725777
127496
235989
626878
323610
467330
715027
185745
277579
315350
872939
870327
172197
150146
499496
995860
758324
712198
933959
330437
420563
697508
533058
802413
320017
882271
748843
387798
896771
356752
805376
844463
496169
525512
399736
779989
470316
913321
866265
548353
122657
817811
506425
983933
665462
978499
441962
567603
537008
300401
701354
522998
778802
238788
331767
835597
304300
690509
802452
509813
249365
820858
553202
768859
508027
834683
427687
881184
134316
511156
213739
687546
992475
755336
805407
887478
629114
875103
800483
818533
447305
434931
834435
191862
263792
123669
497736
586445
677810
418788
879964
602964
133600
200324
812810
512305
508474
114335
389835
112346
819034
207672
915533
322527
840192
694830
752765
478962
514753
227090
784537
602517
612244
423009
688116
715347
208208
662906
632446
544133
443687
993368
722854
409194
896525
741251
213133
969389
812604
767948
553271
859320
197961
601797
318897
490652
608660
364888
364042
917369
530575
356645
925515
200535
257869
170080
517664
522605
631561
805104
812893
735843
461730
242092
100409
790195
625457
539615
695615
172450
505426
922139
802726
258763
173016
171443
785692
805463
491889
428856
610939
156715
378874
840817
293709
239832
335280
196411
686344
946076
232222
865809
984828
646973
193917
215286
753873
181724
652056
944597
111300
785690
871381
534668
335072
191970
669583
332030
887609
534121
265725
128723
179076
980997
162043
727154
916936
691180
266674
526481
408585
546602
466088
615372
252152
986709
326794
673571
974537
503638
383552
618004
761689
607385
578487
496462
689134
655447
395014
787591
695098
997090
937139
503448
409965
961345
494615
254038
481374
769173
787650
344385
103217
865510
153208
493777
159206
408221
398709
158748
574687
594212
158162
881165
754808
775778
305002
536662
618461
972503
289513
232791
285853
319706
527792
196185
541489
876020
797047
623193
975933
201958
154768
569478
678323
731949
460407
440928
318042
933709
301120
233227
999631
960346
490305
611159
612981
921663
819609
190321
642419
572747
673861
353708
954785
219310
614754
434325
761900
387659
514367
204447
935691
819936
546771
736001
647455
665423
359957
888468
788945
896613
194093
526797
561454
353286
606267
650175
417158
696257
982893
959973
171963
618536
719458
483586
713880
814913
622800
646586
976019
472866
418398
113680
723640
235259
110660
727896
534548
358623
929177
632148
678565
344265
666693
271208
662250
971392
776845
483759
953066
396277
245259
938918
155833
193474
415990
894776
163554
978315
885356
477627
267382
351971
520050
494356
126937
444430
611352
963747
241500
618159
856522
310519
197015
364724
284799
621563
920788
457850
669246
234314
902032
577632
179573
517160
123140
517210
580980
916385
227407
109645
420520
634011
456830
656572
591910
513086
421385
428096
277227
384177
136228
600993
254539
195170
899272
319151
811488
481987
503781
460408
883843
313011
174607
869538
973884
248382
571145
462662
303379
980566
292886
916115
895757
486310
758359
711493
800718
827745
352933
761431
330426
673817
211405
505129
282676
864923
663721
172603
177550
116541
458663
164393
518595
671810
891133
414049
158615
732026
666088
155491
415408
293833
833870
514986
567539
409760
775447
680038
450128
240866
938944
221331
712779
329106
977193
597098
934867
867570
348804
904887
389898
110677
374722
482851
982432
308861
200342
126061
251794
998448
815528
363949
843682
740752
167793
688353
480077
152431
873015
596039
303160
432199
255122
132191
183258
425359
769529
770317
219982
724934
322787
859359
570600
680527
939521
404034
263895
466703
572283
555374
183963
287705
307061
621030
635610
151233
278437
918891
987546
523468
586646
398533
478909
549470
196152
482495
942080
614989
134287
385173
675636
853001
699712
333194
568390
100107
778691
783054
762275
737074
923099
827316
285006
278818
322506
863468
757487
340951
116052
590462
969516
511274
923165
360496
699601
876496
880275
552965
394695
291380
352992
847399
775410
184265
373881
556692
382235
375755
741914
691705
335975
964902
699228
822528
650097
525920
281465
121646
931632
557993
786495
392142
536970
110282
225539
612119
857376
781764
405012
344845
478403
146795
401126
793987
147096
791480
823864
175223
952317
778218
873158
685785
562886
548413
895109
169801
891574
130627
505685
412026
602061
876035
989318
103269
239409
626040
350203
779913
649763
369887
393598
120830
680318
166153
787949
655440
244009
754391
351362
250134
241236
678843
648540
141866
527514
648757
268382
631111
917889
487010
705890
216698
307652
455621
826327
703742
173018
508071
426481
433671
718352
852552
580739
731331
466799
347164
742298
685910
758327
801007
254429
299058
721271
645115
203382
366033
113168
749671
144315
222929
311626
294825
502193
379378
814360
886310
323481
179325
476031
947986
704148
976659
722429
819632
638051
990316
266002
616484
699508
259559
597350
635224
202060
672350
413692
650068
976951
106392
565365
341120
598833
795396
416763
940001
634428
118797
288865
594661
330847
902357
784580
938142
884665
548285
901798
175392
944565
975835
759398
495557
259748
509577
237265
779402
966706
627710
808997
297114
385067
727567
905830
449802
545448
877178
456791
623950
703832
539630
802282
520134
408508
725840
609467
165561
977589
747601
322460
548777
164550
860699
764322
842984
627769
621756
230431
950631
281104
423269
914567
943339
204281
786672
200750
737248
458111
684037
937306
276401
525134
982429
265368
181228
152350
383973
533367
237967
145306
219639
717564
507755
397224
744055
523822
947620
777436
410462
438298
523646
273652
802101
673485
548801
387775
149855
582588
276704
338692
269017
211013
591258
792841
601147
295674
104675
259082
314820
577605
370598
721090
428775
327885
517672
542235
780597
404485
519435
902614
229358
941190
745394
813415
506032
669065
238076
473927
308115
226403
229257
601113
472482
936020
335820
141195
222431
553612
904198
314862
247579
741963
339604
708148
590237
388625
926407
229477
663268
775192
423586
743827
213571
414058
429843
702374
997002
763965
536153
372378
397426
208274
747957
213628
252674
483127
673569
956815
504016
719006
566481
988892
727231
327765
663306
231638
712322
633121
966349
239628
177600
169925
287126
492865
215065
623942
105128
109434
961667
276113
884628
925461
764413
761541
896337
651063
920731
583183
821853
145748
239621
175994
691470
936226
394526
661980
366386
442305
218470
804315
223193
654436
258277
742411
226123
284635
636111
896418
574798
231601
578246
228602
479557
614746
804087
530782
861415
903459
537151
311950
641769
889675
412586
753879
602485
685967
544431
378839
911804
357452
185254
440252
210441
892623
331874
313083
308324
429416
682238
935667
752799
192535
203072
200640
677343
382834
665171
712008
395688
336980
669492
949504
305487
396109
714098
375412
251305
521177
533275
778611
325559
288414
454602
691353
898835
326787
745864
727446
670118
594819
828502
983831
951266
475331
580545
947923
422577
211626
421946
676136
481786
336138
130084
725804
329624
985791
211425
960480
758240
399491
568141
721803
530036
799134
336756
150763
255297
953422
492474
955117
317637
776129
646347
628636
848327
805429
456162
233125
168249
370466
605926
949524
345790
487624
675735
592246
943781
880144
152187
552810
440835
201459
883108
770322
849478
905513
178443
725059
912282
263440
735952
464555
873040
565146
552529
169562
558220
160330
840794
770763
264835
548529
150651
284212
345164
553617
105804
749733
427671
190616
432033
542127
978194
383339
312368
358147
377491
364098
627120
902768
381830
280434
170098
368904
443526
373743
958149
806889
563876
334120
838328
109130
686563
201974
515049
869867
262042
674731
970295
577437
143594
830826
847536
395276
487236
753742
550471
574231
397780
944376
235035
712129
248342
117423
430970
278449
297994
106167
361946
489727
325077
463944
516140
535705
811797
924679
215218
409014
374001
539946
278269
832255
424723
274807
751667
108844
589568
784106
629181
240670
736653
834135
229435
215209
326111
462580
988276
857641
452696
911158
397665
319487
373436
111467
354592
236662
327835
211493
548411
533324
473082
335835
106802
909887
251595
877915
233014
107789
485313
663855
796134
697146
707685
278756
456673
640739
830375
715888
395169
103631
695016
253526
204495
413616
651018
876590
420726
712889
965454
249217
441557
176329
654091
802131
983406
761062
290501
145559
618771
564895
156906
370225
269338
298024
516212
575544
213332
296194
186222
133563
862960
576442
248700
325970
510628
961077
294634
585569
952481
348533
354226
992010
946900
655076
382903
791447
204349
786071
104391
647354
679135
864135
108022
976535
191799
117156
915912
358972
538360
813685
188916
711118
797486
684765
829916
658726
908012
558833
817163
225656
537520
515761
520563
748294
793445
521115
427490
942608
568185
421516
334529
448888
848762
991058
550771
885542
147889
989816
786735
150142
682157
184285
697828
879061
645383
741317
382330
170531
586682
584690
789206
703762
213203
629771
461305
896246
280054
406501
375335
376386
213666
975168
577766
100448
652817
252422
649705
321670
129567
270240
520514
494925
616010
822863
194879
357983
304434
233243
294618
740429
732367
613832
394583
460882
232728
141194
546493
782069
673572
405238
381259
981925
830608
123345
298542
237737
354628
799929
596542
324611
783528
465117
460677
508241
372614
239134
870547
140470
360523
181056
440834
327601
716205
297290
201208
976694
987437
836811
338381
994481
907998
610594
519438
263301
326648
151004
796518
980617
313409
546014
419187
372547
700445
559682
872979
933549
311059
612696
755845
496607
652800
413165
527314
487770
179479
307441
566614
218725
968255
544330
975566
303198
265294
244341
326886
391371
490899
399392
833872
577547
740709
286123
687370
284074
784392
808132
748895
121219
532470
282267
151442
745786
192155
665178
358643
214924
240684
106901
309692
685450
199272
405039
853192
823899
810119
765940
282763
638947
676153
938273
905326
618422
500718
208151
973809
109681
971848
845807
776355
391570
308266
929920
139888
869934
768247
883010
393158
390540
142747
911076
688113
751287
839259
803762
271069
380326
373653
494666
769804
645585
461859
284133
276951
398235
804851
239717
982951
224273
268966
673029
977502
371143
403101
475223
908113
350726
881661
328698
310441
303809
696060
996278
340993
555311
491117
489056
772784
115564
107655
965858
990057
868084
433129
685740
626917
185704
598583
751973
767742
601660
554515
624603
172923
891239
901864
301258
224082
525532
240082
342988
861191
102283
351696
969360
579766
675463
578054
922694
561192
344285
875181
338163
869118
477411
808041
873845
812427
254474
335796
167033
561796
890337
656873
436412
131217
177458
913238
344056
752667
929773
118793
975963
169572
806636
327785
569045
145094
767891
259136
586559
515037
454574
883036
490932
199015
484964
300806
884820
378639
584077
513826
844765
100489
647685
382753
235870
576520
167995
841908
990770
986700
941030
174291
277706
752262
598324
126626
231372
702419
761967
832514
128429
361398
396586
833302
224125
410879
606992
385580
160494
226955
828749
892721
747650
326972
492619
159468
273221
794141
811123
375332
156043
114377
933131
787667
339952
414562
748592
526837
215596
957760
368367
932752
853383
572374
496930
521527
450068
576854
497663
181892
153810
522826
113964
963518
986084
982910
729959
983577
765412
941184
381225
146087
976509
275334
695904
436769
226284
110430
465538
250771
284380
139223
407349
746069
548329
226509
812124
418461
240899
923982
964955
628222
581653
362774
314492
962092
194133
479299
751284
684773
637379
468077
492271
117971
182745
582812
198576
934666
507262
169796
759725
156032
157257
972290
248621
957367
225236
800796
354870
645161
841317
334175
937267
456238
563424
868006
246252
774955
327398
585228
935469
877841
904816
200721
369553
891573
240975
323619
344494
650253
160029
146727
928748
915511
949061
818519
214143
865801
850373
444056
151869
562794
742453
256064
728914
570359
199327
178896
478850
260634
274160
563467
456134
856600
549931
770618
676852
513373
267987
440825
310804
825698
484869
851994
822901
111186
629970
349549
952078
204645
218994
827064
411176
723530
398935
349461
437234
420574
969405
440188
830276
762578
923198
906882
620813
805632
270165
574473
546382
495234
120152
480310
794924
807795
280676
248288
619971
671160
244205
158564
752761
679511
567311
868081
926971
371608
201575
573606
197853
817353
216805
225816
963964
320736
704273
668144
905545
653241
203094
390286
992420
785222
460591
931376
619726
124039
602091
907246
234719
212766
739657
547920
378483
935908
677631
575708
625985
264174
953356
597212
208431
499405
880524
601740
861457
708249
551456
804083
727382
998016
189191
928883
355259
755870
152441
182563
255567
778848
588808
754507
713397
393072
397477
120043
558584
184401
660960
813765
182497
413420
193448
150088
670840
383254
876307
654493
242792
939970
726652
615376
559407
663323
324829
342892
179266
418171
163804
777212
417778
135648
683935
448700
787490
473898
724173
716137
773929
145767
771969
422662
308921
284982
622226
578429
772213
815691
838167
375312
465852
902499
284514
935376
323508
773510
290698
966876
397846
978250
586902
615125
963339
659426
127123
866868
496116
242785
962079
488457
804835
897798
926494
188374
534378
475915
668264
281332
221200
474008
359567
411313
913362
145263
984773
436948
446591
520541
854086
901523
633624
482918
790902
810197
135670
260817
236202
757146
169316
358205
702236
470834
816906
220609
468828
721429
436345
310757
617027
588344
465452
210095
675368
929859
208339
214029
463794
274392
763849
464025
124870
921554
238306
353430
507884
977261
207989
946056
837857
980033
377204
782210
550422
286012
388752
796932
750788
569011
581040
393149
286859
840164
369398
221642
878598
381813
511652
846800
518238
899617
917285
390411
402191
779501
563630
105762
378929
856881
271117
331973
545359
629625
670342
158653
311795
787373
320506
730410
153073
683761
168887
946471
140466
589624
263910
757180
654252
419852
402592
745530
592225
795264
413169
957045
885321
672589
426189
976847
372243
740836
642153
930487
195331
331085
899267
730568
206083
134617
191796
717521
515352
623504
980488
276175
487847
800169
980718
191232
143283
882163
602620
755381
909628
542874
138311
456515
789126
521728
449391
396732
322415
451228
595521
893008
296659
202409
397310
802963
857941
507708
246425
933982
534397
266789
938557
794741
707746
986315
982814
194898
907332
100080
296707
116994
179947
898217
615797
145148
901500
345904
548761
146985
950293
676447
531019
943868
879422
124707
371205
686209
194377
689185
758224
319420
654232
976648
705336
789251
716039
772754
249871
940274
705254
231910
273100
799281
199862
346016
202852
439013
415022
683414
770868
639888
836537
927285
239391
357434
375249
702135
791470
514836
392915
136125
385739
961524
724663
494098
335487
595341
596088
102549
277735
166552
828966
193305
908318
662515
811578
226732
213964
742042
998038
916317
899225
660871
896258
209921
516880
226690
190421
918075
791551
543447
635959
286045
695014
494738
144811
913184
782907
131421
740084
211629
304671
615604
724228
880041
664453
766340
786208
329057
572025
620055
633418
597369
326748
499892
503359
490460
432836
104247
415526
450690
355029
922252
495542
306409
631942
174271
825045
287004
316583
134093
326805
323022
375607
344520
361510
585635
134239
603890
552050
154002
867407
724924
591483
788834
387328
373546
706252
703864
542051
629686
800427
918399
809499
792068
340622
955122
773760
629755
940426
930622
523758
994034
203556
289498
622083
628473
951128
272038
661180
398034
788301
506895
152090
728145
352723
294969
714387
126246
692707
317550
618889
678304
244852
356301
907341
114444
260595
148698
465221
637528
230625
334032
507876
835968
606895
398224
886967
616664
172027
242638
159163
965346
873047
148954
443252
951968
990736
101861
946553
902788
371857
799811
683566
437200
569658
882552
370339
190880
276404
295142
190226
888618
298069
951529
699611
428081
228516
415887
578687
763189
326666
706968
300679
497397
302677
779681
182051
486345
957796
270864
212121
939024
554113
388592
156059
322912
946281
887153
100927
465515
523936
793489
294716
447186
802116
570832
571743
903146
757594
527993
787005
104735
921813
705669
577725
865511
617014
473946
181492
363011
921211
919596
858496
987989
325800
912128
104003
890615
208694
478277
909044
460149
926750
202520
367181
128672
682773
355399
696815
222844
356864
888058
861017
829529
967775
829615
163393
839715
216822
217077
507086
500263
481226
579263
518131
432053
194919
620423
121829
176524
620396
959497
247990
764959
316181
425613
202862
305799
144839
330764
345751
874405
836538
365206
796307
961251
647320
456344
811475
493971
338681
372291
562631
443127
465563
672213
103661
318208
551613
421132
121348
436148
203547
180434
486760
718062
998724
587761
258945
416529
338075
282782
879627
612047
390282
302294
497577
824277
228579
419413
675940
594877
736075
704535
703370
692959
350913
881964
892066
847456
715082
430348
423772
652487
295669
910625
998168
781008
337831
531975
776492
261792
636734
896689
858091
478940
595805
815809
323584
427498
445526
180910
501447
354329
281473
469307
737247
866586
739417
600720
422427
312791
640941
833977
338617
827930
251471
190021
421684
940783
470339
134001
169033
906219
832451
184671
963043
440345
106962
867223
758274
624513
558319
213984
158875
621088
570448
766438
795391
583709
916373
140347
864259
425001
717274
770148
564468
791525
516955
858415
599202
144555
329735
445986
623563
583600
217199
946213
703224
504702
365300
360117
523780
603555
263345
239604
635891
712125
901380
906504
188609
243739
608003
845305
796085
819999
470565
475984
858691
159456
897975
457751
637021
297892
729510
745787
271340
270413
323300
432575
159157
591038
431587
564433
870803
712203
619423
860760
424044
347610
794543
873295
966248
568007
338928
848564
170610
378676
558143
929688
875060
162962
847388
460341
499537
914746
394144
604959
956424
872544
191842
136081
761847
253571
494096
767229
426502
415012
274174
604989
278366
675926
530698
231798
981296
806233
500374
406080
504540
866697
673196
444791
310284
432452
871031
896151
992615
978849
588592
714149
801963
980477
960161
975752
391986
121515
710804
570156
743204
878365
620143
926193
176885
584483
878843
454187
616034
400319
816575
629575
546629
116493
912724
495987
475666
229679
789498
519835
666199
565969
495770
569037
937763
917176
670667
857579
249080
673640
617053
372803
973421
873573
723895
926779
606435
554319
921946
878966
569452
398832
533970
708228
646835
401521
686263
307554
367753
407184
727862
168477
848585
232679
356406
518906
593652
651426
914973
700285
576326
294326
393294
687628
428753
674162
296240
854944
577628
324762
468423
531918
527058
518114
686093
255750
998421
620064
909196
919938
620785
395280
943733
403541
852239
793675
448659
846704
382856
842051
962028
420388
629674
653696
661382
500923
884473
123366
283538
999178
770566
571141
266181
256629
356979
988968
139925
596899
139365
396765
727763
873119
252143
852089
770363
786510
872540
486974
797386
142532
104651
383250
964382
229687
869499
358127
504859
355121
353330
937055
669347
401799
579035
349179
827314
439474
761686
719186
680955
788361
658247
309649
971147
676766
118205
993540
292532
567230
779424
179469
893646
894036
869385
842855
153521
678445
479381
128441
384027
627307
759815
535878
320867
417170
397951
956495
459950
396415
785729
245538
472434
627905
804875
942190
825356
296113
351690
845803
339062
611438
359830
622801
275961
972968
393599
456393
634583
813120
860269
839849
307371
694483
236127
234872
502524
858294
788288
443948
814792
186271
310000
772950
610604
243910
633755
754935
764612
808186
499407
168643
158911
995850
527056
409538
809118
862318
282871
145367
421571
296660
817903
382233
618480
340430
501489
214812
819057
531283
163428
370751
540913
337706
421388
244828
880315
551572
169277
216855
972067
790543
418933
740585
296583
346713
176173
391792
183146
143738
895832
625620
225255
769883
425722
569351
275115
683770
827192
951109
830329
199160
966534
634229
615918
437068
347080
296051
548447
157592
190111
824199
365055
195988
871160
710501
425541
204270
667659
457050
695909
984709
190233
675938
450600
600102
827842
121382
663999
361067
437634
436439
875720
505750
634620
104419
492902
143477
133708
768258
155682
802508
859759
500879
902430
588221
266219
850595
141220
387791
744808
214224
816565
452587
295971
921468
246266
744517
190304
742332
637708
112385
555132
648193
642983
694055
174053
189156
123174
102263
881919
826338
368435
832375
987446
468489
946089
212935
729476
333112
719782
343481
859220
443598
814338
414450
764344
247289
188301
679263
559536
895951
600382
226966
466182
972286
215185
191635
955714
424250
364676
294444
100382
442689
976131
616483
505135
163432
871664
202454
610496
483411
797214
692668
777948
365991
383337
664257
757963
755979
260530
968142
168176
160231
946396
910939
119568
461500
947398
901736
788821
324598
589784
514567
752438
800229
124815
943223
812217
451349
660720
834819
197299
487138
387694
323726
436474
872808
407586
361161
392865
750114
711624
976469
865901
713070
771502
827408
700521
185505
731561
909938
895947
444459
656710
342331
108159
598949
618201
712467
819232
189160
920530
529723
181057
852959
413217
641752
753408
178828
852473
735494
341921
675018
784126
738729
579054
518613
981091
379687
935564
928663
114676
547939
242269
639824
283829
326628
969080
746842
918835
373895
778322
790110
839057
923729
222939
868529
124287
648698
235844
924043
413284
320036
371837
270386
645363
463848
653706
977110
102351
472838
857591
326767
175599
157172
957844
349866
239634
230340
568055
534970
774650
173283
444636
791033
208872
468333
166384
605814
429016
195361
998151
484912
149269
234367
516854
218451
853217
950559
142442
954253
222407
338755
188070
810141
445043
973377
270659
443801
952849
781716
639878
742726
751839
266025
912978
696594
573574
383253
683087
210942
730774
345623
435897
467325
423878
842961
961972
290891
418430
552023
382704
243450
505673
514391
444454
304126
693615
435057
329489
594391
795735
145865
623329
448116
153672
303331
738628
605973
785150
598525
682480
504303
381494
176194
275318
816620
826177
498459
193893
943611
975298
948604
506138
840953
549756
628034
604744
916199
603921
396888
868507
664129
945348
514085
640623
473774
897373
353346
468209
970205
606092
577129
296537
516424
972096
832361
114160
602713
922965
919698
937711
843898
272823
628688
124686
589316
764135
236503
282424
618423
496456
959244
690877
977572
409796
194614
954756
589991
801784
384772
676488
794960
981433
513659
998847
448794
574896
855345
602628
839836
585267
808548
281835
468590
471485
266410
911245
933310
408176
765384
870205
346075
577028
989377
459206
556792
250132
797950
625239
338439
522965
894105
774437
606966
529966
603896
289052
363061
653035
437169
974919
159978
188399
214301
276499
792262
589888
681886
748807
877243
422510
101929
432084
488325
763597
707956
848965
663709
840541
709652
326530
765607
186872
523151
577072
876133
521301
557107
443262
991306
617763
451249
573577
816738
108751
491057
719597
676948
870865
569469
593001
681163
564853
887936
597929
624800
525260
629687
708906
277369
894175
341655
743981
762979
513170
103580
185822
116047
800075
900910
906486
146137
169722
499680
810795
411312
879051
694360
124133
448080
433851
495320
113887
259002
814517
496939
941112
889977
408139
978195
109361
798494
340212
807449
517214
287024
732462
367357
550449
746575
124328
624629
461898
350624
946365
101432
404205
787131
979576
177826
657758
376962
526383
341504
383202
184512
496075
395998
321004
844686
721140
889282
596835
902622
136802
512342
422233
279862
570475
270407
883256
276504
950145
306520
688351
461780
261963
459073
860095
840319
121919
616364
863089
534734
624477
143118
385053
296223
129304
382703
306861
197733
877248
801087
299659
654198
556920
153061
309623
569256
354491
361345
475909
173124
247432
720292
464037
288370
723393
571817
255815
273420
660248
856260
968072
562724
566620
818267
458101
613586
696226
434412
660066
519828
619771
245529
737905
804884
623621
821673
330394
104081
613836
492901
627839
282583
824867
424052
624063
620375
320586
770791
992263
769128
464360
483332
438538
458661
424005
407279
791764
256342
386308
126794
312002
343337
100426
462621
552202
422000
665138
715264
506836
785070
703855
277707
747622
820489
507275
609498
488569
704613
562904
923923
610934
148177
483734
376084
231919
462371
972014
932124
571029
142366
986115
100009
385256
462509
521799
622766
467974
849982
945248
132482
817667
941301
467671
488937
431539
262656
645496
105142
952719
450342
220332
713927
464046
535144
681480
782766
306590
469110
324115
128967
495932
138383
373933
445488
299157
405703
330956
610123
964612
838896
222318
256189
172474
501792
340192
288963
148972
499199
925312
538926
200889
600740
836340
616141
652568
104367
663107
608396
255195
581076
261421
175697
961772
508563
897796
878949
800045
505959
878645
934225
159475
121364
844529
494001
569239
316180
791918
804666
645914
189870
360614
936856
360707
931032
691070
131303
434824
165094
226864
194738
489413
265124
104935
994540
882695
909786
914086
470186
332899
833226
462717
749480
658111
938740
892992
500908
939085
792911
148876
256587
960537
807290
676231
544194
558461
672793
555468
123733
928603
417967
657311
288661
639237
351286
189235
629003
969891
753008
402208
704322
391612
306780
652393
166963
589760
154467
636712
529806
736739
290551
557123
983655
411670
150464
460279
174260
152728
535922
517159
271337
763429
199710
931252
464911
480820
532047
418169
585930
691176
628134
562427
847226
516291
737569
931027
910987
690576
266967
883577
296112
211119
709127
434432
802361
614568
147508
470554
741450
158336
568897
676947
598973
948369
753409
336105
794136
520640
904654
844734
831951
431372
941952
988009
475942
786552
482364
330114
240594
784027
587973
696232
634352
879170
873703
235735
705077
442345
990630
293536
557566
165626
212632
469512
654014
476463
796157
409238
344945
466405
348088
573619
242468
600661
999195
351480
588978
579713
724018
480955
813288
674294
490342
342247
181138
667209
837676
859997
385709
637788
538844
441121
652900
303220
517563
918735
338708
351160
716665
953950
938580
358328
960078
206050
845964
774074
479958
809678
262359
346426
188825
247652
531074
574753
818980
287091
500254
867347
635076
221418
835439
347894
935415
759060
419613
449332
337733
485392
218259
638824
950401
839042
528428
126094
381529
363987
641825
109128
484222
741162
488682
502812
114760
603525
887860
125506
708197
609577
584804
906710
775347
355423
995238
154822
313992
671405
311387
796711
261667
330383
372249
902468
686608
331381
620558
312601
587133
388651
252105
752677
617254
126008
336384
894375
654837
403768
251407
112572
523857
398544
732619
432367
190298
623754
753649
542720
421613
749582
211012
689884
143466
433490
676408
757139
959074
851954
101474
676810
594873
477245
230651
774782
313547
265141
395444
719856
797403
902663
213895
118641
152351
385192
279551
693847
825535
566521
974146
320530
679149
632854
964767
744681
130116
282386
464553
419939
995560
508454
289344
722075
679693
477611
484223
676163
203154
213860
442397
321272
540369
919599
297473
338638
800436
778876
806653
371574
607163
982783
898964
966130
883618
195762
575808
433973
213747
824290
452434
756205
573116
773108
305914
703465
195870
528979
853174
344922
952856
217899
947967
793937
613025
831479
833519
551211
399260
716591
729054
140955
659148
879154
900630
953537
995605
291627
264695
305602
685187
804278
873048
895674
834021
106511
639002
896630
732555
687752
780096
457104
429768
873554
650451
482507
305007
476789
549212
752503
148174
783471
359461
889803
903331
479150
360166
494211
416993
736374
666808
529329
944372
977304
320861
687348
282148
860353
797530
598258
989973
409162
706743
461469
537748
365618
725284
304093
178758
112320
264015
357930
240115
592979
516895
228076
239268
275054
693138
438888
573136
576364
224476
662243
189521
883503
831097
391279
297613
935944
346318
210321
796485
350236
319126
991018
262562
409953
668322
200585
819451
522502
485972
831076
710837
241153
824235
964963
196450
559667
236859
945612
381525
393312
121009
860470
410920
502330
248307
913521
743750
678392
866180
763729
919249
835718
331856
764362
744799
214080
122328
436897
326390
961880
122492
691450
588934
461338
882492
241519
981868
421770
244995
153788
449127
866296
396072
818861
728992
389863
694115
404073
558577
292058
981977
649325
109811
553989
766308
875894
695079
877852
905268
531325
331849
369467
518585
698429
276771
172123
652615
552223
190626
618476
719391
249354
187778
920727
928084
204342
398566
934008
828566
286188
509659
464861
905193
506557
893284
881900
627436
343801
417325
634108
958069
136067
874050
551158
902673
363590
807447
960284
455128
702683
426804
377155
999347
949093
846247
394208
996576
706213
409653
531045
152997
469402
655657
349634
545469
952191
986511
543584
443426
