10000
2788531
4688935
8011547
34194
9555848
4650906
1937516
4175248
7970992
1955800
2837015
7904734
5604788
2075986
325847
2655643
2529205
8982155
3312820
3829873
4701101
4739932
5164524
7352544
5396597
5344319
244651
7945002
2590598
8235032
497966
3547499
6999079
5185938
8563298
5266236
3241701
896888
6543389
240630
6184557
4749448
2814791
840199
5555166
5561528
5719863
9959070
6112791
7552536
3710066
1703891
2685506
2260757
5446852
7731009
8310383
8313570
1325161
8721457
9959590
2037609
1727368
9441691
3748353
2515530
9346311
3155942
1015696
6746463
8167837
6831342
8414208
8689235
1725978
7245779
3016054
8843519
7857588
1908431
2695120
5433790
4506387
8098618
9674381
1841153
4298711
1575032
7860981
2845772
403524
3914510
539320
5537177
2066595
5634874
906011
3267745
1053141
4911890
4631255
4735111
6486677
8437536
4324348
2822529
2011152
3209052
4833823
5178752
4428567
8558967
4556699
591226
8201162
4627939
2804704
6816137
8500375
7475128
147237
5835893
6546166
4286143
771431
5593782
8871149
3003504
7728678
8248147
3040957
143386
3384224
2036057
6093129
87804
7434478
2433868
173323
2835206
2189173
4023708
763209
4135591
8088795
3896841
8292453
2778563
3395725
6834417
1653170
3023668
9076995
3884446
8306481
3187995
7107666
9493003
1775665
8405178
8870945
167562
1262283
5677994
4982321
1782886
1363236
8832707
6195632
8867555
3575385
5302275
2533612
7078989
9207147
1220793
9053055
7349432
7657297
1639045
8422708
793062
8558236
7633072
9756100
6734822
49550
2793052
5612565
4006200
1521358
6406494
9602556
2160417
8312757
7529695
5464504
7749985
1095256
4498074
3844491
719166
2387298
7960121
2360894
8155921
4877852
2020133
1363746
8661628
8628753
7087598
7302353
6640810
249642
9834899
72338
1826915
3456276
2893783
199937
2020270
1697625
2897770
420069
6730110
5161602
1711354
7335498
4048969
1309337
2891497
1595659
4457318
9612331
5523995
3549288
3786468
5729351
2605608
6785613
8135429
1617860
3285306
5617895
25052
2739296
8670013
7061883
8959528
8457720
9536592
4304461
9430334
1955597
4699827
8489502
6763309
5998213
5002112
4710002
2147129
2132399
2563242
9695592
9834897
4336375
8090106
6338064
9375705
8497293
155414
3898352
288421
6833338
8491353
7482482
3096001
9710346
6221072
5036771
9079697
1833402
3876654
4063547
1486471
2336666
2344660
4300631
7628953
7389785
2516732
3387565
5202520
187377
4451455
9700781
4107392
2345117
8789114
5237078
2087449
1733036
7959186
4384902
4970595
7537366
8822930
333490
7413574
6764048
45900
7527925
1147050
1447843
5123681
3484994
5103068
3521368
3695045
2313264
4752666
6453901
2312218
8235083
1646120
6733064
5226227
5117976
2488013
6584717
8112005
2620087
8093819
6147932
4894233
9786157
5057156
9877920
6124242
3186505
7196851
3262648
9835303
8392331
398031
3402781
9352644
606626
7873343
9467370
157886
7271036
2857513
3666188
5162772
4555998
9529190
1923878
9007054
4228897
6679509
3634384
2943215
9638893
4356054
3062799
6596361
8992925
265736
8343938
7953414
7895326
3267007
7095888
4594859
2754350
4588761
7829533
8226232
9949172
7363221
4711299
2171829
3723147
736421
1320104
8871386
3149700
2566269
3117746
4751467
368496
9497926
8714978
2826066
8936251
4609701
2639268
7027948
2167064
8466723
8973491
4673363
2879690
9579089
3556386
6297477
5150480
1902707
2623507
2290705
4564831
5772503
2711868
7724440
9358628
1068368
7329410
2121525
7831
6981588
9785092
9895064
4179411
2129218
7657665
4111086
7975193
6275460
8128955
9564862
4635225
1413582
7122287
1210372
6080484
2426158
4477649
1121515
6793488
9598362
7014032
9188218
6584627
4284358
1310279
53159
5587858
9966509
6411364
4453251
9023706
864811
9764659
6753501
6044506
1529119
3447985
4342179
9636155
7771646
5356470
392837
2094377
2502472
1511803
1586962
9697471
7171581
137109
1863862
7993916
3706771
4656338
433591
6437923
1418131
3930353
6717594
9500803
5032029
9592949
4101627
1082245
5623046
9095332
9737367
9035243
9094212
1108647
8346860
5963488
3513114
7102687
1867215
7492567
9454707
535205
3392172
8380680
8130345
2942829
8802186
9430145
2741048
3946102
2243560
5491709
9151610
6176296
7177896
8372574
9504886
1046512
5659793
5807913
1097421
5778275
8214022
1357284
4462623
489749
412449
4254337
2684470
6729736
9769579
6230704
6523334
6966476
801447
741861
6279144
5878633
8166308
1176922
3532002
4929838
2073287
8585837
6327667
1257571
1699743
1486229
9188403
3505557
9218520
4122850
1353158
4906163
6105065
1921432
1368026
6053349
2877276
7357451
1232714
2655761
9764906
4611231
1915444
7891006
2404118
5412434
6164823
4749013
5285153
6140208
7405749
9892565
1136584
616220
6213924
426634
8272192
7427496
6123692
3592978
6366275
2366436
7675991
9572090
4774316
5771347
4657110
5902464
9550577
8036649
2591480
7844051
1126566
4452888
3124108
2586775
4003436
3674672
5047268
3967700
1268750
5439620
8809210
2260674
931927
6392311
7187657
2311581
872051
8824463
1812985
2578704
4690554
4197475
9774146
3720631
9084152
9527884
5860069
9804626
3692657
570578
487678
6794761
999878
2587763
1432475
1530317
8758538
4482224
8692994
8504951
7377520
5566163
8051945
3108583
403083
5037046
5928865
2748964
8616621
774547
1316079
2360779
2185845
1076891
3864954
9939457
1354503
2523847
3003053
1718527
6527140
5616623
1745746
7146739
7170911
4310980
1512720
3196517
586024
7795284
2054318
9558492
6337000
433813
8767189
7286222
8113653
8144714
522314
1433597
5819282
7529233
8286362
8596841
9185017
5295283
4314180
9497766
2259397
4365441
7511067
7291109
2601447
4366257
5992532
7157561
943278
9157748
2303505
2162875
8900492
5298692
6628761
152286
4330284
7476502
5433240
1413505
6744693
4439227
6341601
1105727
3953146
8637511
1478391
4469219
9320825
1005141
8328227
8885954
4841718
6700636
4235128
3250798
5714425
3216215
2222838
9471254
6191356
5976913
1953229
8721030
908306
1062979
3141334
9188755
384431
2446625
5196126
8584272
5374213
5448016
1342724
5644866
8705725
3066895
7815286
8670368
3735431
4547708
627064
5418388
4058162
1666354
997243
1987842
558850
3386826
5336543
2280942
1617520
5448622
611770
76687
2313957
5248854
605665
2581979
4423012
1577326
9880093
744634
9108487
6958675
2770159
4648734
8939460
2481863
8933140
9127573
7206538
4233094
5933177
6426164
7068995
4605957
8629994
571884
7186514
1959825
3317890
92017
3536853
5625850
5490349
7083652
4718453
397626
7817839
2077126
396811
1129276
7114234
8012825
4028905
4609427
1413267
1348330
4973160
9909299
6357369
2995979
1361645
9201943
4890209
5853584
1105248
6249601
9644381
6754612
8293894
3359837
6728554
8018079
5391664
8922470
3955661
1845033
6955148
9840216
9977620
1481681
2529004
9384470
5166449
5971972
5760538
690613
5761387
2589584
6429312
9682315
2860279
4470467
1512822
2834516
8667719
5003362
3974699
3655311
9624477
354827
4267006
4870668
6262976
2810085
873804
663277
6810723
3981469
2835499
5031382
4392920
6851584
9645009
5027216
591769
7593447
7652791
4384333
4715398
4540021
9651459
4179363
7793389
9967733
8266307
5283033
7820302
7674847
4987642
2716515
5247184
5503442
249451
9295306
9585658
2231069
778946
1860385
4414069
9908887
8112376
7639878
6327786
306408
37526
3004545
2260268
4979496
7097040
3979438
8120392
5470464
8893419
477565
7861385
7488583
9289794
7439883
4765783
2760172
4105428
2760452
8506438
7639116
6810919
2050385
9335982
7461847
3581722
6635606
7933156
9739930
1783975
5296194
3255616
6252564
3124993
3606779
1582591
1177514
5298256
4075328
3633446
1864208
8127789
8268568
8272795
2203355
3344708
7776243
5839105
2429742
8222725
5813448
1613235
4847652
3000361
3373002
3963548
6627537
2474317
1516953
4033971
5140597
1074528
798657
752380
1818981
2791707
4804305
5922889
7326537
4509301
9326479
6709796
2061942
9375589
2812066
2625740
1810365
4121851
889792
1241634
5419842
4968220
3001324
146658
7386503
5491782
3995179
6541959
7721806
9427903
7506665
9946368
6106905
5913902
6275608
2641225
3410471
3029029
9101286
226420
6209792
5801903
6285720
726674
2309824
8190241
101198
5870317
7653276
5991745
1520307
81110
4055656
666236
8460557
2516036
4113728
3619005
3505499
5148222
6926120
5688730
9331464
8337226
10259
8085209
3999752
1728179
5896961
6021495
316143
149418
2950945
1096340
9776603
3984910
1049540
1424072
6378790
7163730
744457
179940
4625615
1107206
3349788
7672562
1331974
9812143
7160551
7150702
2826422
1913601
9949719
1391255
2112474
4707780
5899366
9816922
2062333
7966426
133379
6052816
2473774
6193210
182748
9862793
3949854
6077854
168327
1689059
4282629
5782488
2760436
9005551
7836085
7858817
5012309
3331558
7301026
4307704
8903675
8630896
7030478
906562
4101265
9886588
6723776
4416517
8574036
8070303
2086542
5194010
8275651
6241589
4994836
8659847
2708508
4219836
7959843
5746513
4117300
823334
5277116
6346428
5295166
267726
6155943
6332268
7344282
4706732
8115940
1147175
401488
2671463
5632125
2244121
74846
217616
1852295
2576959
2710665
2096638
3657933
6282739
4713779
7012542
4010263
6632994
1300088
9794839
9399531
8240636
8867464
2043322
9659635
7019019
7813559
9153670
1933680
5125430
7064932
1852304
5527395
2208123
6068242
5153087
5280713
1874089
7025041
9603600
5825208
6141068
8691330
1092582
4329722
6517355
9630742
3571500
4437062
5236361
2380925
2389754
7116298
1355575
1814095
1284271
4723416
5096084
6749913
8843044
6018746
3615117
2142149
9007746
143460
694431
2213525
6185639
3525271
957796
4300842
2589682
571892
8239953
552884
2185759
8118770
9708835
586687
6840444
3422670
5069287
1981265
9491685
8758655
7446025
585318
454767
4179121
9027081
6362185
7946774
5314661
3368703
7994440
1854788
7153567
6333694
5427205
8995865
250741
4532839
1975772
5313313
360112
1754848
9012059
1162354
7852714
2362727
7187681
2016524
9755104
9970371
1257932
7515916
1722999
6632349
998928
1988197
4266603
9693868
3114026
3502306
4032560
538537
4499649
4258886
7022542
9308195
1677808
5441428
1056837
1448111
9184664
3528746
9893155
1640697
923756
9943658
3949781
1373877
3973666
5147669
9584868
2489422
5255462
3173881
1724795
1605939
4789534
4022430
928107
8220601
9645282
2610249
7470305
6944430
5695257
4701289
995829
5602311
5948991
7895935
7289943
8421734
9718434
5514431
6655065
3784421
2343369
4879567
78678
2949097
1816914
3408049
1319152
2992430
5711397
1798419
2020258
5971928
9499854
4083317
5663117
5903845
407899
9558236
8315676
5158580
5762132
3430659
3879156
2754510
2058053
7537936
7077617
9478004
7204250
8875851
3528201
8855395
8003250
3141430
7895827
1441233
139699
6199666
2953394
535144
9075551
1311900
2449496
7403694
9438077
1391437
9306784
3608034
1636985
6039864
717177
3638194
9952788
1604535
3501902
2265519
6165127
6689348
2097921
1600071
3287914
6811394
7970340
484518
1865799
2461125
6618238
4707858
7812838
1528847
5508250
1305243
3055608
7597140
2213322
8497468
296396
9154037
6801795
1471909
3474451
20788
4035671
6685760
7056433
1106051
9907692
1168882
5308936
2261557
2842387
1446591
9125164
3880206
7361954
8972210
3253654
3121449
9852375
6652196
9706592
1737146
3395985
8670794
3555993
4531049
1175072
7202097
2403184
4200043
9716769
8651191
8334245
6995195
2293381
8167424
910328
9359076
8684366
2719103
9179518
2324366
4477282
3028202
36607
9764234
7694114
5089541
9741659
2327411
8161985
4465636
1334934
7482278
2122606
5434921
1423195
5698831
9405119
7422316
9542575
5169104
4241141
6252087
6918038
6589030
4300793
4634499
7277089
5724102
649205
2817513
6738581
3055968
2681075
1054239
8343464
6811412
8335717
6130685
2202660
286802
6204884
3216596
8890425
5268018
4942432
7803471
398128
9447522
6360174
3081990
2030850
8571170
3354348
6659684
3390636
3616814
2360991
8417395
217988
8701576
5152267
988089
6997405
7263637
9391118
4515399
865172
6564707
483883
7155401
1936111
6635954
3276555
7096588
8460987
1638114
3074226
9466353
1355721
3972256
3910274
1133810
9910867
723023
945221
7664308
2530296
4113355
3466266
1553242
5841893
8431744
3719879
341597
42876
9832921
266009
3135990
8427600
3939812
7716265
1568026
1467062
7196506
3481628
6749931
6927332
4078865
5766388
8033557
2826300
9118158
9892758
6963907
1241114
8869768
6678064
7766863
3363136
2568520
1973365
7644218
2090196
2569335
2575368
1347346
8562821
9614306
8440486
2299387
4902200
1436077
4758050
1646524
4959795
2048354
4962034
8878547
1600679
2084392
6888518
2516004
6764894
7703480
7577395
2666675
6646999
9344277
158767
1509557
4189513
3825358
3272712
7854980
5922727
8511870
9028746
5330570
3611825
3676329
5374645
4271796
7343765
147838
5793866
9292971
6424262
9374733
6853379
5928756
7504884
6893581
4754106
1657891
6989767
9087102
4801882
4514417
9169004
7534520
857307
7789561
3396186
8940996
9100816
8826792
7730646
978462
6780754
4184253
2771851
1322018
8051880
7728675
4144879
9119325
922003
785984
1488406
6996863
3544348
3281718
3170929
8456425
4369640
2127833
6692207
8451291
9112487
6487083
4641277
7903725
6363353
1852702
4119582
3180767
2690656
1370004
4094940
9351354
761735
4793430
3138469
8913961
1686214
8486114
3137917
8138960
7040948
378517
2964141
903072
5024720
5635768
5660505
9418487
6295265
3986292
247468
4800657
4968652
449340
4183930
7027820
7949685
6790142
8776622
3309337
8260976
3509688
5137449
3552725
2490665
8788055
7620641
1057397
8447337
5332472
686982
1485663
7596129
398804
3953492
6098727
3987683
3682492
630476
9144192
6359048
8361400
2755064
3459684
5877801
8681128
7705127
2123714
4792782
5723367
4155191
3582876
6221204
1195553
8587697
780107
5852151
9359889
570427
4287935
1011783
6924018
9124554
8553148
3632908
2724442
6901686
8054615
9185905
5645963
6494035
6805255
1935515
8181544
2974473
1074544
6580202
7313771
8903992
6017089
5958839
8043116
8305295
1106961
1157057
7597308
9790118
1713491
2782585
3142520
1540438
7792353
4268462
2800872
1836283
7467006
6835695
810157
2967243
3809811
9982305
9477215
7573001
4403253
2998832
7524267
1693484
9438391
1711250
6857308
5166022
9185644
7437280
8640150
6031923
1229631
1856468
8246899
3268906
1885735
2640954
8179507
7049590
8930182
7204409
6519658
2602934
9794559
2039378
7775003
1628320
9850706
1264725
3474049
9183413
2426561
4662084
287520
7298970
9192311
7333548
330460
1735504
2789394
39846
7069869
305871
6206624
6699088
8123556
2948360
7127997
7998524
9733987
2051723
4134732
8429576
5514800
8088440
3872566
4813336
5714056
6628133
9692676
7666359
9646870
5548921
8747918
2545357
7263780
3619454
987743
9063184
9240770
7010802
2780624
9998934
8664829
2400999
5218687
8212971
2887486
4432564
8828686
118978
8795190
5016655
9036023
5550052
4289467
4293098
9590479
7477237
9196457
7593389
7572323
6753612
2034056
6517409
2897468
9184320
9367835
810945
3429264
6241543
5418231
4533801
5305840
1533912
1945638
6693471
3696028
6800380
7196410
8981522
9041801
4147401
5893902
3771448
4003245
7295521
8394484
5787041
802808
6711484
4174777
2879679
3055159
4590785
1172237
5854
9075162
4420896
9485635
7229009
4190286
6903876
822506
7711686
2712227
99719
9594298
8140889
6396377
4871635
296587
5237615
4136002
3632125
5781630
6269904
8065288
3255533
3004140
708291
9273466
9404389
2744028
7452846
2297533
5936407
4073611
2781403
1863294
7677001
8902329
146762
1484634
660470
8958889
3725987
9124118
7785957
2036738
7841023
2631725
6950630
5625976
6013873
5292186
4197628
1881916
9357299
4542933
9194086
8007519
9695948
3196317
230807
6868813
8537728
1203977
7198002
1383887
7919285
788611
6308497
200579
7884667
9296442
5813908
3502419
4776055
2183519
345376
4917019
4522828
9397362
7425563
2124222
5339088
2975021
5296336
1474294
4560402
3101722
532629
8675487
273749
3787332
9187401
2681228
5250339
5933173
5051330
3144624
6635044
3359635
5313360
6460524
9725119
4562829
1487346
4636507
4329649
1556613
7885653
8939787
8872684
4138009
9647471
3987877
9675942
3291140
2372908
7980492
5456113
7330841
3344386
6194474
6871620
5786803
7859478
1235452
6564795
1462293
7134741
6055498
9913511
6449326
2227387
6272755
1515021
8154479
9246300
9855221
7444637
2857915
654628
7638023
3606117
8241569
6567532
3791818
8053822
7797008
5387485
7396807
8215329
3348824
6307684
2739109
2175604
3935917
130226
8471208
6231545
7087657
2984083
5525567
837636
657083
2748737
3945486
8959448
8814248
4109406
3713733
8276007
3184963
7997596
6485139
7963177
514971
2467020
9780643
2681578
5197907
8336492
3944323
4211375
3843166
5306858
9247126
5494958
3584608
2885357
8014360
1914314
5950269
221668
5659871
5572970
3132921
7060641
5776028
2844378
8629217
1943032
7665696
1864968
5465556
274437
5495071
4907574
7980819
4432380
4447912
3511568
2572388
7415590
9223966
3324820
2816575
1382098
7365378
2072241
5430234
7803942
8353766
24060
8659891
8578340
8641109
495898
1885851
963997
3795731
6285970
9363455
360798
5823466
6860085
8088245
5921020
3890575
7676353
4133136
7891578
7253741
708419
5902542
375944
7054286
4222255
9556517
9640808
6788711
5699632
6088268
7307091
9111999
6843494
5610576
2155461
5125322
4108803
4893658
9090302
1710539
2452617
6212558
4747955
1416911
8687743
2075865
4594798
3202405
4021678
7577419
3558358
7974349
353339
6849078
4224309
6875264
8063219
1275971
4291475
9143277
7101653
7934574
3207683
66832
9870303
7835035
4179196
5952629
174556
6057334
2820581
1115143
8299554
4495688
4229904
5482086
711061
8677974
6049116
1190065
5957112
4636852
1843346
7429032
5455028
4724904
7578298
2470565
1114917
8229706
1820955
159622
8234530
8038446
8945397
7019192
8560567
6641975
7618882
1593125
7535589
9792906
4039771
7819875
7818389
9001162
9062791
1488999
6110468
5780789
1930127
973270
9044233
7426191
5688427
6388965
2727119
8406668
2855636
6645134
1599630
5192111
3112429
8429583
983401
7910566
2964060
4132554
912478
3032451
7198511
4980269
9297419
2903423
4685684
363771
7105770
9935702
6361487
7229829
6669267
4001597
9525750
9937475
6450657
5117376
5164581
2435174
7235223
6154692
8279218
6298770
4847907
1444445
9829545
1127827
1366899
4235873
2278233
2877182
5930507
7441460
7121896
7967810
5977454
366596
9245239
2461244
1276838
5912200
3138266
6344721
7581258
1337610
1115975
8971715
7995564
3081076
7376470
5589937
2701124
2448400
3583476
2936639
7730294
226567
3419338
550072
5377894
7949278
8989104
475290
7056801
7041488
2602349
7116738
3740169
5301
6130650
7346038
9521799
9452918
8778406
1449504
8379631
4121067
431709
9979747
8753382
3490724
1992610
9394954
1363780
1715343
6605654
9999937
6432148
1895969
9695619
9630030
1137435
9752748
9031026
6667291
5717663
8132188
9086882
3232734
4238293
4425140
1198260
1997854
6584272
7626980
6428810
1489541
4324961
8011570
5718021
3543106
4029152
1020122
2196851
6335676
568813
7367501
3050075
3436412
8076845
325968
792223
8717466
7616816
6992904
9867269
1643505
4230812
773480
3454847
5320070
7252287
5425792
6029581
6579864
9149392
6698385
7407164
8766086
4634
2204678
8726920
9641671
5838492
7518508
3947059
6150815
447480
7819486
377477
5347854
8484813
1930409
4946288
2344641
3568029
6478485
4952204
299839
5207750
8686992
3908787
7207
8358849
7362200
4126623
5756526
2870475
6189719
1812869
2618396
7008148
4764142
2442072
807428
9644070
9573583
3049790
3378502
5094445
3358347
4386878
9059620
197078
5823973
3132546
1676446
5204188
8433689
9092466
2948827
8417628
3243863
7318016
6048391
3998676
7555459
1177187
9333550
2127875
9275750
6296612
1297199
6359989
1968311
3787632
3957359
4470716
5643051
6446221
932121
9729690
3624959
3649137
4832272
4975425
7553067
4180525
916775
1366510
7231544
3319479
1767942
2208838
5196583
813722
7242553
1924776
1074198
4798868
5552493
1693860
7108506
7451606
2181994
4784552
3265020
6979477
6414558
3796351
5861514
9609889
8212719
5958815
1130023
2588495
1339275
8701594
4535474
9466824
3099765
2307992
8705264
5558366
8808709
3570967
1535631
3222993
7668911
6061021
4110478
1940596
97118
3743308
4905059
3038409
7153648
2352147
3384720
1515800
2000439
6460607
3781671
2871913
7549312
5079401
9438506
9347546
9370408
1133449
4002404
6765008
6196520
2143347
4620331
7725269
4928319
2100929
1601342
9487338
1736745
9085811
6881150
372732
225222
3337731
4053281
5885771
2049917
2903526
4031583
6335602
6500644
206709
5134982
2194117
3120943
898063
8821442
1856871
4055491
5712892
6709071
3149740
5015795
8480852
8104474
167452
4476779
7509887
2156403
2197525
2968428
9856461
2611656
1309349
4223672
5976346
7986306
1011193
3313516
7293810
666299
7177996
5274459
1277703
521011
7416364
2226514
5237415
2940785
7285147
6930643
6730102
9511823
3733681
4487310
7655080
835522
338469
8466513
3922005
6006923
9143450
7966859
1574497
6116400
1453643
6330383
563703
8523953
2195311
5738945
5032217
9182914
4116557
2053308
6317149
9265202
7595379
267325
8815201
9597152
6854398
2543409
8550490
3660979
9314665
139969
5561468
5843333
4493489
4074848
4981772
9095312
5864960
6673790
5948292
7867769
4009489
1362484
6385807
2379083
3011142
4736579
6651671
9869296
3449504
5758274
7290106
6291344
5629709
1485209
6733013
1560789
6165495
8724415
6787911
2672073
1548145
9584884
8839995
6810889
5206675
4162739
7334738
5707429
3493131
1593675
2008209
5990435
593299
9289097
8747850
6450524
1030388
952826
439935
605726
4294618
4296248
565139
8459667
8218460
3690375
6090588
7391868
7180576
7155872
8828349
425448
4644880
3773098
5084569
7012546
8165535
1150136
3710138
4941057
7527226
1739132
1204025
1678892
9912650
6249321
7375775
9615666
4673167
6194325
8697876
3373436
7066187
4961912
2723970
9997908
7633434
5139577
6575720
8740526
3251100
6953028
3386701
7947197
4839949
759045
3396147
25646
7827068
6773569
2403807
9858788
310719
9975636
6702970
211092
3020146
6194905
5073005
363772
4378838
7333039
2926922
3583992
7650691
9971578
2828911
9714473
1958406
8529646
3949344
9429877
1266372
8131272
154177
7686441
759443
390776
4333428
5554525
2310092
7807328
4210567
1319124
5296934
1105408
940432
4886303
9184195
3821829
6397211
5488238
8791513
474901
234352
4939523
9752352
3285962
9637924
5799443
6453835
2101903
7863721
2534533
6778482
9748863
9218204
8745352
6891786
4589015
8609124
1007283
4577567
992784
2332315
9925369
5074353
5347878
1187316
6664688
2278586
5764596
3736031
1761904
8989727
9875341
1509181
1425316
3049850
1018389
8373203
2934339
2560076
6004093
7269980
906825
2543879
2308678
5802542
5263479
2214250
9493801
7806836
4612938
9714286
1217767
8848504
6033252
9585167
112128
1754560
6425106
4919182
8562387
4236077
8998433
5325132
6410386
4945792
9091883
3528841
3832374
1561698
9894798
7636951
6105111
5302769
8741823
7194331
4260893
5994970
1006349
8049308
4980256
5541350
3518490
5841818
932500
573691
2768659
3452358
4081521
90239
8232911
8170826
4634351
3206813
30233
8841856
8431519
4761303
8209851
3228503
8337592
3286190
2769216
5126109
5615127
3521569
5369757
7388334
2429825
5170644
2903731
1700449
3988227
6190394
9828288
2868895
8693758
4927727
839187
8132922
8103001
7644673
6040616
3355632
3822589
2147621
8524569
4323101
8584300
5573778
9496332
5808068
5034842
2050226
4701863
4769812
73329
84639
6604214
7945385
9860491
3598476
7345519
4371177
2597222
7760126
2609947
5462274
8353295
2582027
5689215
5263276
2018485
571278
8764490
9160818
4836577
2150157
2695809
3051164
8560461
7600980
6876077
7088821
7333189
5563720
2891531
1388208
5517553
6207884
6142684
455295
6947421
6345534
6563723
1896562
2709417
5782728
6256562
8125768
1598857
9003363
9730043
3608510
7811691
8688848
2868299
1319763
5050606
8860807
4260595
3970646
2776858
6346968
4569380
55008
5708168
5127471
2257437
9008256
1663913
5194395
6574423
9827430
6884660
6867438
5922600
2503246
2962841
922872
5104284
3049644
8547620
432214
1662868
555300
9263949
2080257
6809626
5259810
2588958
9873099
5381321
2970371
7217061
6417973
4559839
1666919
3883633
9083851
4178974
2831390
8177920
6363979
1900150
584830
8446249
3365579
973419
9082367
6542288
4189937
7268277
9578418
2883179
7263194
4165057
1975681
5864361
3717502
587647
1686735
6850941
5695845
4673000
2403212
3054774
7855919
2607729
5484236
5630656
7453594
3537301
1152930
1803120
1664959
5458069
8273363
1250172
1537864
1702099
7557694
4471256
6130768
7271787
8940686
2151214
5205554
6079332
649037
6004058
9829408
4254005
7223987
5914066
9147297
6239679
5721538
1116746
7979863
9580462
6298955
372941
9441810
7667348
98064
5527311
4603948
8440807
3725083
8418712
5341168
5273603
8837038
2357030
1695955
6029970
5737418
4265571
1127251
402304
2307717
3735102
5757215
1433914
151453
5329743
940403
6378022
1961539
3014972
519215
5052334
4411676
4916638
6646921
1798923
5120483
455569
9872840
768854
1758427
8103129
5351909
7343030
7667193
5737659
7806449
5741284
6315880
137488
8073748
8890576
1528888
5016997
2448363
8413603
6620807
4946417
2157968
4029697
5950677
2329519
9551379
2077022
5843960
2277843
1595192
1038096
6079332
8156388
3916179
8259844
7512336
7411749
6078125
71237
5572109
1358121
5420616
7698148
748372
834750
2575678
6969699
3872209
4255332
7798999
9596453
9503192
2357088
8399952
1524775
4621043
3068043
8640618
3179088
2674853
7403827
1542035
8844328
4616701
4461047
9068909
6882846
5482063
4457331
6093397
4811988
5340455
6269919
1498494
8387340
5237304
4418292
4001102
1052420
3058021
6736304
8773770
7360573
1979667
5137424
8736317
3434142
4056166
7604122
7647914
2400105
6188142
190688
6324778
7293558
3858390
2615365
8345628
5561980
8293366
9064566
5481724
9060958
5100918
1992381
512155
1170252
8711527
7859285
4987760
2465957
2089529
3497119
4532598
1674406
2231290
2334276
5781261
1528714
5274488
8396524
8660356
2396631
6219316
1018832
4148683
266492
6605096
289771
2893144
4885688
4914564
8334222
2523005
4767032
7719064
5354754
7757118
3733450
9509036
1515956
2656003
855038
8041880
682340
2084119
7816871
9044729
8298280
887733
7330070
6841716
3361485
9835306
6479887
47596
5004483
7430776
9113482
1144312
6237799
3844539
5539180
7119823
3634724
3156108
5403013
392924
7118577
1315593
5971045
7254160
7689449
1854650
3421750
4374388
2720560
9485702
5595446
4952339
933694
4102963
3862937
2509409
2425363
8773326
9697735
5800416
4982246
5146245
8097444
6245784
6974674
5663674
8029692
7442387
6971938
855123
9587242
5850391
176030
8023133
9243603
4950417
962788
3819919
5484612
6262910
7850433
3720707
9784351
4172142
9357114
9657938
8191147
9045376
5445388
8285446
4276525
3432167
968406
8730584
9292688
4240329
4814554
9599515
1491306
852220
3685149
9211971
3600117
9185277
327557
7607372
7454132
7592668
6582988
8051537
2334598
731136
4576492
2250177
2226395
7565737
9274445
8407537
7107647
1798469
9849294
9346187
7843642
6771598
2838161
660388
1354443
6667344
9051835
7400471
555529
6274107
1307462
6855334
6497178
724864
166000
402881
353801
455318
7135259
9086623
1188260
5041430
4857318
8060258
7739391
1972503
9879823
3765329
3790739
2737862
409601
1061440
2113035
7491026
8487700
4407783
9688783
1142736
633758
7964171
9953972
8250627
1677128
640688
9607124
1605603
3511119
3901085
4685091
7254696
8352372
3148546
9834018
752998
9253127
5690674
1905982
5316807
3894119
8421635
6338371
8428535
2422570
6785458
1953891
8245162
3575962
5083374
2619855
487937
7222561
2079039
3332096
4156123
406936
7807289
739139
9740606
453032
735291
1726818
3548657
7265308
8941077
8922913
4682832
7827293
1445376
2767955
6347525
7551356
567489
2950035
8421282
239434
7690275
6714092
8069730
3291577
8156102
8960178
4380396
5923366
2780686
6518990
3780940
6532633
3259752
4485645
7784027
5702092
9428101
7289761
6029515
4662910
2105604
3018857
3561060
7903782
8165625
3361416
2030272
9551415
4376591
7873205
6215097
333334
7006812
5159963
9403405
7711523
6033128
7544638
654510
2527156
341466
5677077
3424894
9504853
195430
7337999
3528513
4518707
4501442
4004933
737401
9730771
1051152
862527
161793
3239095
267722
4057998
1153965
5141313
4361912
3250463
9001306
2113780
8374514
2720317
6361897
5329723
8519645
7620644
99283
7992297
5778044
8614699
5347463
7833158
1446626
558443
9502138
30710
4830797
7463362
7378531
2297323
4429964
9651945
2221303
9730619
3627045
1598634
6389670
584391
1773220
3645919
1667693
7962885
4324900
7762298
9490384
9426012
2308331
3028277
5997829
2128142
1733796
6137212
2825978
7605844
8865303
5628721
407857
5604635
9630127
6312459
4740277
3435116
924163
3498404
1310311
3703645
6262645
7919465
1625677
6685702
222547
9434052
8896359
9239371
1882720
3678314
228262
3599316
3389023
1932112
3223985
5020595
1481509
9736145
8379261
9378527
8649664
4381714
7629389
2499286
7927638
7785327
7443055
1679458
4436256
9640627
230083
6112315
5825984
7718181
8412985
596292
9249588
4719444
7920524
9060654
3768078
9081673
9431773
6645455
3568979
8900370
3447617
912286
5363444
2020868
5889267
6246655
7786691
7480726
2691252
1375218
3955579
7864214
7802366
3925610
8422837
2533775
9837901
6405341
1780920
765445
6972534
2913145
9408361
1458726
3530459
3047607
2059756
8818315
5004427
4430031
4177092
6682079
5501647
2255228
9744758
8488590
8067021
7628000
2655510
8855183
6291510
5355370
6673610
553571
8992536
8583775
605211
2218735
4760488
9542701
7295035
45333
1078756
537255
7097457
5084595
6586171
8592836
9139696
2247297
3252163
1604758
2818387
6821241
8464693
3670338
8889016
9520162
1146709
6909449
495832
2055569
4864944
4043072
8866010
7089475
6705221
2220505
6650543
2257078
6262096
5298708
821375
4600316
3893737
6990248
94886
6179867
8228857
6207887
8132073
6986582
6305976
3174461
2405789
9397639
5769385
8840515
8618833
735225
2188989
5113927
7978855
1812849
9764882
6012373
9560174
1399593
1236047
6012398
9454322
6554757
5359772
6024752
2964182
565768
1244006
6626667
9690497
9367393
5434781
1764724
3480555
3750898
5441376
7040572
3097960
1838597
3792932
1784262
4055518
4647617
6154137
9822913
5793569
1960591
3193614
5663963
1447613
2244190
9895978
6159614
9691964
8547262
5674170
197615
8296897
9052446
1582181
8863217
3497205
8534198
8793612
2078547
5847957
898440
7289276
1621841
4618199
3499736
7936358
7084518
9878999
6283394
8415475
4941246
9640765
6352516
1975721
3503231
9562188
1245471
7575994
7883520
8641636
3994435
4659777
7271889
5106321
5590805
1266027
4744318
8558812
5125756
876091
4997050
3098628
2078859
7946373
6233136
2962500
4873792
7655799
5020983
8783535
2280743
5715756
8185511
5488922
3403119
6572902
1171068
8746189
4455055
669349
1055894
8759566
4365587
8662333
1818944
2491496
4885275
2251924
8529951
2978515
7061417
5151107
7214347
8058871
4875664
9207585
5892841
4147930
1091481
2442734
9783870
7178461
9590977
1989436
2154246
1428409
8660939
9738959
3615514
3775416
1330008
7155868
8361240
1096572
1200071
8433000
3497313
5291612
7197098
4592282
1086280
5768222
3995317
8395427
9479172
1659216
9399254
3671610
6380403
9470533
871317
9986604
104094
3367981
1889104
5091273
5550532
2284394
5888796
1249747
8501132
9560230
8783501
6546353
6838048
9911705
793142
9844059
2512474
3125794
8263598
5525189
2827966
1576644
8883489
9001045
8874981
6000527
3262317
158676
9349475
4037152
93609
2297309
9742992
7242322
9063812
8449964
5528120
5749774
2152166
317912
4860899
3692511
7966144
7934595
8181438
3843229
31171
7405268
5971353
4338354
6500462
6048827
4909476
6007716
5892788
3181558
9948428
2343044
1321897
4785781
3086007
7863024
7548693
9151386
4251428
5333167
2883030
2814829
6422435
3474173
6772094
7000201
2148941
6344417
6529190
4040955
1383999
3513848
5084039
6384418
5452757
2059790
9205100
3675887
2830123
3493415
8657453
7426465
7833700
4967043
2735955
9162317
9332872
7971932
7446170
7953735
3479999
7221926
4151923
9833694
7719941
9798921
2851399
1184088
9097213
826076
8821692
7592598
7826860
8596751
4236720
9038467
4274030
8709400
1247174
1093716
1985399
3076992
8362920
5304169
139543
1917884
9451197
9016257
485859
7943843
7277048
5170066
7676759
5939527
4090733
5584041
8026959
6351526
8183046
4420709
3842275
6362411
3595920
9889164
9147584
3239140
4404732
1082626
2424611
9197083
5079068
458172
4638590
2549162
2138860
810361
7038523
1918429
6822339
4881052
6217084
415197
1074923
3694033
8833657
7979997
1722214
4379358
1280885
354120
6688583
512685
2417132
4500413
693027
6135007
3764247
8840275
7031538
3279212
4055326
6394614
1250593
4467242
308532
6493498
4065423
4599544
2371170
9474824
8804454
209495
7504799
5706105
4467316
4781333
7635458
8672274
8129942
5298868
5210624
4695112
6010233
9296787
1662241
6987481
3135457
7308747
4376426
7744576
3833183
9796579
1717307
9627195
6157427
9591011
5131190
3234747
1330055
4422594
8099602
1255932
3461082
1462483
3577286
1729077
7958111
308073
3185645
1281139
9461958
4613572
6440144
1436732
714936
7482224
7095458
9578949
2969773
5066325
3839842
7260471
2005726
7972774
2827111
5613954
1406159
2090601
969114
9773906
8884278
3975779
7090174
1057229
6559363
8694
3386060
7662491
2972107
9611953
1181983
8690170
7128742
7970117
2578705
1978570
868256
1111617
730286
6955800
1234727
6585141
326216
2134789
3283520
3531251
9473576
5216216
8134801
3428570
3628613
7878465
9946407
9451594
9818995
1832451
9881485
8244589
1431847
8623924
531234
7963346
8292825
5689
6372444
7256871
877904
1736518
9203170
6227904
5549873
5075800
8880071
4351582
7626757
5383220
1063892
5141712
6660310
7465508
1246859
1882378
9742016
8648577
637666
3807893
4845842
8548498
9780003
1306373
8152710
8601627
3123167
2211999
7479145
4229670
9790103
6234231
8795649
7769390
4875232
5189885
6085460
9131745
2909274
7605647
1619008
5046034
606153
3689649
8649241
100584
4521010
7652684
9305468
8597979
3523329
5647834
6786858
1297931
345110
5441852
3799517
763663
456132
1509932
3648758
2965042
5397640
535225
6469467
9186906
4513108
3052575
2485383
6593836
6586351
6520058
8937677
5931405
5711515
9578451
3151408
2034241
396515
9742442
8708624
8623036
4639321
2967661
1279132
5507651
6812395
9365364
3830817
7316804
8024567
2264985
5608981
8341784
8122905
3084306
2336889
3004690
4236300
1516261
8831346
7858829
2279887
974361
4320547
8388123
3779929
4174291
8446042
7901893
4681496
1034328
9568512
5247912
147407
3037095
2072938
6067699
1388479
1506667
1033984
3865916
4012740
9652849
4733286
5552096
7878449
500109
846717
8015891
5178841
2617337
9480026
203516
5107969
7246631
2291614
3497253
3984175
4684016
7129257
9328028
5356724
6287934
1912453
9921803
1763294
3415690
1281138
2036046
2929647
1129618
1842602
9830513
1858698
5800379
6085974
1780343
4199317
9585160
9202724
9497492
8731043
5360423
5443036
5144264
7769131
1700610
7961561
6023405
4928329
4436421
8351948
865798
8990381
7351840
162892
3976689
3276897
751037
4550042
6181358
6755604
3844454
4055984
1131962
5087100
2742054
3309437
8693675
3305377
2086458
4777403
678082
1133977
4018500
3176240
6303841
8019043
2548905
7406444
9806878
5679221
291824
5679344
7758387
1133336
9547691
6959300
6548263
2443314
6481150
6045710
5392679
379382
789208
2647809
75667
1077973
4803069
6887554
3986891
909487
1394701
6330414
8403099
4827319
1498966
6302706
8051991
1521958
2629694
8692312
8849316
9419996
6071729
3747760
2641349
767280
6729327
625762
7610296
8636567
1217290
6774170
6814789
506677
2197607
187567
5681362
1065042
8359181
9084634
7338160
9497871
570907
9181498
9234088
6902557
4705722
9949096
4434433
9070083
1422143
1811469
5199149
5451283
4932738
7585694
1059517
3521941
9424872
5879563
3916126
1495971
7080934
9673907
9774569
5005267
6055850
4573904
4950504
2683330
9097783
4739073
732974
8972050
9108470
8647579
8156413
4752505
6381747
2576041
799210
1488730
3636080
9525570
4321789
2230252
4287404
8584396
7030011
636659
1910542
796464
8166162
2009044
2120850
5456339
3337599
7334512
5346447
8778599
9319727
8615676
9262568
6776335
9627927
6063234
5452566
3080564
7718630
7903001
2691098
9270544
5476630
6526625
3821578
6750810
6838029
9083437
7949382
1118910
6918968
6702002
8925836
8898544
7730717
3710501
389849
7881150
4128367
2001023
7988741
1070255
2073698
5268420
1510865
6793930
198272
9490091
2782503
4986630
8784427
8685989
7081307
9885926
6462121
7723008
4451564
1630548
7759077
3934115
9849551
5722985
7994727
9430437
5455797
7097583
365624
2631138
4424339
2226001
6740144
5800638
2856450
8519943
4488939
1705396
8157321
7727617
9420384
5666764
7466061
417496
7894330
1679819
8744599
5725268
9236846
9314866
1023623
5194256
2305403
1834689
5416517
3406660
590038
4710139
9099440
4055125
1792683
2008267
9054221
1205134
6478121
3761774
9938082
7058792
5354717
915313
5833803
8865326
2733998
2857074
5109960
3739370
2940142
235044
6590378
589054
5903730
897332
3551467
507379
4736845
1120901
5130949
9644138
1817761
9494278
4505004
2165867
5486070
1242126
2566616
6559131
7498393
5578603
9910053
7180245
5529591
1269229
867589
8308944
7316744
7437035
9817491
5378284
7324243
4305494
9919505
5239512
8411493
8762264
8551081
9944545
1997918
9266201
996889
5718910
9410724
8830766
2743176
3717313
1166831
9794107
8671242
4209054
1611913
9143734
7840641
8163040
4601455
7462042
3631827
4738786
5159535
339140
8445873
1039365
4553630
4448704
9736930
4249488
5545242
3320049
693065
5766129
6556866
800287
426154
2434615
1365212
3882016
5836234
4224991
3492006
9947813
2103356
5064283
8327468
5545166
2829113
8897291
7738667
2632066
7222730
497023
8337296
9888255
4395954
2426630
5841264
4496379
9236286
7165342
446281
6029089
1459777
6287596
9969433
2691881
819417
2074273
8985122
5021483
1690284
8129239
9046656
9259450
9019074
4509507
8928241
3293883
1268683
2815921
4248547
9214918
2925632
9562599
4472432
7892958
8143621
8118789
3709813
6082182
6705522
1665026
8958487
3779491
7993993
4336259
8753462
6181141
1969928
9434189
5747237
3622487
8650491
5196126
7190354
4482052
3101816
7232574
3549435
1610778
4430096
5724551
9742025
4048196
2744796
8347497
1979048
5143143
5324319
1847798
9428272
7674350
3541564
110621
5151234
2412789
809924
1097315
9585205
4899378
770171
1480155
1673086
9042081
349413
5762377
5053584
8716299
8357069
3293380
2638333
6798268
1277893
5319946
395715
3552292
2445500
6168863
127227
6411536
28876
4253114
9164245
4896491
5159095
9650559
6085441
7692753
5952612
2892549
7825807
1016647
1421236
3749987
9580866
9204382
9681982
6453442
469934
7267803
1008272
9951233
8237634
9713954
6767684
9353079
944376
4058238
8774817
2549458
2595822
3425604
3116232
8008788
4999803
231557
6337341
3024136
5804124
4744166
7404768
9689580
613418
844384
4923880
7586204
782044
5578974
7200174
8844642
3763981
6578794
7365478
923930
5358135
6471834
1938911
1847066
8682515
8256547
4887930
769210
9614414
6112499
8074248
9029225
6932589
3137838
5319135
3083005
5963701
4285940
3154443
8722363
9459531
1493265
8905067
1149350
5406060
5951476
1379063
1084602
9104280
4953031
2138674
9093847
2408872
4517898
1170160
5751732
1274637
6905681
2712539
4568124
4185030
2367149
3333450
7099400
6661380
5923206
5547962
948201
6750090
2812104
1085279
770483
4473584
2283941
9725305
5314899
1764034
9199937
1652560
763013
3004338
5522254
2313610
5009777
4071430
4633717
7915594
4344766
312707
9590451
8421763
7902648
6332002
1182281
7877987
4770476
3680229
4990161
1589825
938887
801503
4068612
3431552
8044939
2583521
1459496
2231526
3942178
1912273
4567074
4978129
8671662
2275955
6636176
6643818
5756828
322426
1185292
2795483
9607377
2608608
9743850
3007714
6601148
6214731
1246278
3775058
3072643
6234700
2732137
1964353
9220263
7297930
5228308
7447057
2951966
3375717
8388772
9662744
1241599
2289354
3340399
7309890
9619284
7005576
9125023
3450207
4076440
8713189
5183953
6274634
6528543
4310406
6469028
9415352
4301977
6213480
9811653
2323687
2058784
4581794
2782637
4948644
9926076
9103433
4695914
1013087
3628494
135870
186235
2221350
2720245
7469481
7099324
421693
7451400
8665274
8499586
7244250
3037271
6409165
4708745
9420044
4230006
8938160
6638377
222266
5561962
2670755
648020
5172911
2628949
8688408
6073285
6682444
7989237
1668118
4444709
5163871
7696980
8665277
5711504
1447770
1348899
9517700
4086565
1972222
2552023
948841
6922383
2343969
7624566
7156464
1327376
7456182
8401512
4624298
9704863
8349953
5716141
3786936
9702178
3510197
7472623
4265686
1518851
4339474
6744102
4790035
7400722
2467527
5468161
2136107
151433
1774162
3544033
5451937
9633884
6309547
836366
3668391
4209632
6202365
7572283
2823352
978088
9859075
9462105
9989899
4176512
7973298
5543134
1867994
1840279
1631521
4557588
205620
5104391
9295686
7156854
9627362
5350952
1664498
9638240
5286882
3316871
7759249
356582
6355929
8198327
7777133
9329952
4679486
1942082
56024
8752871
1348932
8775894
9589914
1998313
3650781
2012136
2036781
2473272
7382352
7577979
8558107
8113711
7757768
5654001
6496666
8504291
1005818
8075117
4119215
4172438
2556868
9809298
5566219
211679
3396756
4299050
5330240
5105417
8474556
4676414
5862870
4324261
9592249
6802032
68370
515326
8309901
9909514
7826174
3042588
2876169
9972227
6266777
1960005
9067898
1239895
5838321
1701825
8487040
7529848
7116953
5211759
2557325
1213478
7588131
1491668
4573517
2070409
58730
1160482
4065903
1642279
1927158
4324577
5643177
2796286
9467477
8607616
3823223
2346125
35050
1367218
6276778
8893065
7154539
3157146
7954627
1192247
351591
6061639
7281397
2564905
7905335
6768724
8179700
5757255
8736452
4764697
4672405
2854746
471113
4984541
5890557
3706755
2498065
8544940
9203901
2530037
1784243
3374745
5018134
8929914
4333820
3483441
5109751
8632282
3692317
9409705
9704199
7111027
4347293
3039647
7493457
1847051
7464611
2207627
5019440
7103829
6951131
1084467
2853831
3599324
4541279
4654550
8249912
277431
2669082
7559272
3288280
2417454
1148680
5979597
9606060
3388866
3596799
7276389
4367288
6358799
2865792
6365957
9352831
21508
9018686
4610543
2552755
6986302
7196215
3482719
2604461
1096200
7120573
2191542
2557690
5170884
5507875
8275646
394155
8968709
5585972
435016
5751413
5970257
461118
3776153
7656551
1062188
2488650
8523022
5750376
9285828
3042800
3581807
4907439
2680279
2657996
7730949
3615781
3086006
4532309
5075367
9778882
154950
3316009
1433009
5944055
4514187
9997599
179670
2840251
2602118
7543431
147853
775679
2346641
8507805
5905855
2399379
3580659
1814110
7255305
2557491
8633883
7437808
3238541
6067041
9318099
9243318
3897571
8281177
2184008
447359
726040
9756621
5247337
810336
9936343
7323399
1828922
4660525
5021910
351252
4285074
2443163
3129561
7036079
3849815
9237620
8906974
4799062
8070666
1194836
2777227
4982142
2854547
9294744
493204
864870
4558746
8185763
7897158
6846940
9895310
2019002
2239943
668767
6044781
6395584
7505085
6275636
4169714
1612842
3562269
1089984
7617337
7834372
1498928
8681211
7095570
5938112
2866847
8109485
1994190
151368
5163407
946010
4595590
5816117
9076121
6478080
4070715
4113400
7378378
3127850
3469117
1641724
8424097
1565713
2894520
8241302
4228425
5464947
1886389
2848511
566099
2390392
1331489
8812396
3390845
2374428
7798410
6007518
7949015
2586807
4627998
6821818
8143677
2818244
3836150
2878134
6873600
2291993
2650382
3905098
2519807
1965328
1407840
861246
2685539
234426
2836317
8081837
256878
1330605
6704502
9306601
3688683
4766570
2177277
2522260
4760690
173594
9783521
5798799
2973251
8675593
5109671
5052634
7423151
3804962
9153996
2017360
9150402
5722022
5663442
3804431
5066103
2784890
5616940
4881665
8721250
3395355
3748972
6672001
7194810
1931437
2214662
6204329
8468835
333865
2317357
8058968
4443467
2653351
4801204
4317704
1147398
3354006
8200561
1711655
8689716
324906
1442505
3361707
2266706
5959578
7419829
8247359
8765981
7214365
7648442
4578166
2922467
5646148
263447
3891935
2611972
9009128
7039975
8080973
6777755
2328355
5417629
1924848
4144778
767885
6751530
1934056
4914753
8724329
2735086
7620751
6817990
7247587
3189718
2123960
5238432
2999605
7649404
1517385
3193356
9047192
6090045
9750104
9543402
9314374
1244838
602116
6728154
9068500
1006994
1579557
9481432
7011134
4624395
7177530
7926283
4518992
6767965
8557456
9362792
5335883
9734297
8495960
7054629
6786566
9890389
5909780
8492541
9697536
4095879
7316442
2048410
5262534
3640174
7830579
5232901
6825310
947697
5257931
9784821
7597188
7261710
7215646
5947062
7353304
3414947
4062657
9898241
473127
3955812
7180608
7231847
4157836
4084575
5953366
8926640
561147
1507995
1627889
4257971
2841022
1329393
5884120
8781593
8706816
3216679
4290177
9004032
1566662
7021833
7167456
7726963
3392434
6836385
3920669
1657659
1334765
5730419
831013
7310172
7693218
7774786
1088660
159109
2857951
1946159
9066319
9878570
8538902
8870135
2152765
2869795
8735163
8386936
629425
3117889
7491556
5642879
5856253
946722
2943110
1401400
1439194
1413590
9762828
8817854
8847613
2816731
9972000
6603784
7885501
9916441
4855461
5604690
9615393
4660390
9542797
2441338
7843220
5125470
7757250
9010431
2985028
9408806
7118011
5587050
3632114
1824696
7688397
9269824
6029194
8887575
2110259
5084708
2369069
7693605
3476168
375343
6790741
1861754
6625261
1191788
1331053
6809936
710717
696602
5076191
1640447
6636160
75122
9157162
3890403
9373986
2102505
5763108
8039363
3769406
425160
3080602
6396950
1305952
1748733
2943407
7696933
4503618
5234915
7102103
6659362
3639236
5125336
4807563
5786413
2884579
2066236
7379832
4037283
6964578
7922712
3696877
6491043
4792538
6305861
1725106
8696475
5147315
2050509
9006032
5131900
15684
9941779
670830
2756116
8574994
1216417
7910791
9125053
6539480
9794831
2186651
1672988
5390906
4025615
6190073
2341715
9633361
4584502
5645318
2147673
8360109
7463508
1326471
7922579
8206753
3961714
3027875
4894122
8659076
393166
7936915
8167084
3218502
2053426
3200365
1334878
1166093
3378562
4473517
5660404
95674
3633188
8764943
3430260
7557565
5384215
7388251
9285011
2757762
5484738
9925663
4915565
4183700
9376782
8025164
9922640
1537739
2552241
2178877
1477571
7968457
2562675
3841221
7424925
7940115
4275804
7414271
5695251
5102092
5264362
3880293
2025300
7720843
8003732
1525257
1782302
2259143
5136383
1536426
6688669
7153835
9560846
4144043
1990135
9696624
7542671
9623273
7503618
5050312
5454312
9214267
9679049
3279797
7249865
1543393
4056912
6241595
9061611
9585080
9434518
4162843
2112040
2115887
3756430
5399698
7980439
4137577
7091949
3693692
2677043
4098100
1066496
4349640
9763925
7326936
3637608
8621559
3982659
6980293
479650
4492059
4989141
5136232
7049340
9483082
4133457
1754634
3731073
9103966
8682733
4872452
2845644
5908410
231527
3139870
9159288
842368
8231080
6603881
5166971
2485996
6411325
7604110
989981
2229923
3378696
2935774
6294968
296954
2397290
5861333
4508779
9492288
3872325
5649782
5927235
8606483
8542776
5229756
1615191
9568880
6616449
3107957
2590956
1319066
4234348
4395644
1894882
2922314
1580155
123649
2316646
525096
9543015
3058921
3222209
165707
9153161
4437377
7608375
6385560
6500940
1835036
5682218
4309615
1539235
1122372
8595383
4889301
4370102
6666313
2370574
2545520
5024939
9929277
9540238
8151034
471237
2147631
50854
9373199
6035179
8557190
7498605
4283027
8068824
413160
7458683
6124523
4973752
524080
8572314
9402727
8499020
7119871
6233421
5914184
6490796
1725754
9706804
9228167
8989429
6929455
8582191
3858255
242167
4810414
3993484
3740811
1592051
4345372
4171267
9655701
9843646
7475400
5152972
3324782
3698017
1403482
6532173
4250278
3550539
5919471
9923090
6716527
1062797
319633
352164
585020
7484128
9285611
4836760
3749761
732867
8398811
5988645
5975195
1779205
5016002
2963495
4697591
4933073
1037855
1792266
1355188
7024518
7892123
5028943
8278448
3200131
5188306
5140079
9478316
535169
3535768
5303058
2298153
5882294
6164296
4845706
300334
4382328
2158198
6824301
2641733
9432459
4194133
6022479
6551883
8981115
2144931
6143181
9393857
2229535
8497714
5936489
1268406
7179554
2909423
7425195
8204976
4346248
5800208
5861002
5903890
1193321
4783374
8736810
8159295
8638780
6988140
2320289
5079128
9109446
2696269
6915106
9962840
3491925
2257228
220105
5358611
2286776
1788320
2141163
1909103
4019649
9918299
3724
7212643
5450248
1708731
2621114
4362390
9951775
7977064
377523
7416096
3770179
1306202
8817694
2844596
9670402
5389241
7866302
292243
8387257
9415487
3279292
8666813
1229501
4671247
1857012
208279
5416544
2888054
5315012
4250130
2046312
8022201
4588323
9291068
894205
2648734
4856048
7150826
592827
2019055
7775773
3991395
9364543
4409356
4455823
2099020
711936
3176496
5215293
2771220
4781978
5960932
7353576
4772265
1614118
5611339
7669658
280421
5811530
2187667
1246478
774888
8797595
6277826
5762067
1226015
4608034
7954455
9852309
7967388
6822885
4934397
501876
9324922
4903115
8955599
4085315
1671262
9136557
7708128
8991718
894654
397869
4552267
8556542
3085903
5199053
1971319
6201136
5096347
5490219
1641529
9362483
2508060
3104245
1915156
9512902
6466291
5909101
1291192
3882884
9272082
9170062
2451166
5682458
7214913
1463700
2664441
2589753
1384691
9097124
5408893
5229915
5234656
644270
3337034
7028965
6414220
8227379
4308438
3687982
351279
5390224
4995151
9833404
7657190
2141734
9063004
9418894
543470
5476181
4298656
8269651
7879550
664185
5818203
5966120
7488306
5655855
5310165
7308467
9040744
2240480
3678748
5986859
5711848
6590877
3421825
7245234
2723849
3095016
9525568
7858248
4436134
7527528
8345051
5505162
3309516
9198708
6053496
9525849
3113309
4567799
3601858
769637
2241836
6026430
3258087
4845321
5856836
1069056
4443180
1205498
5236197
5917144
6964633
6887746
6123558
4470128
6081110
7120370
78682
9712126
9772899
2651090
690544
2600996
1297421
3879645
5471335
41881
3610771
4909812
5943408
7423740
3186918
5929643
3411256
7606969
4166439
2509437
2566505
4419547
4682888
693068
191945
4463319
6689040
3285356
6610174
12406
512593
7172101
4043152
4751623
6495483
5348442
5747547
4426987
9686860
1813119
117645
8134461
3931623
640166
1498613
6326735
6243426
4425781
1007523
339340
9602768
2641144
5056698
7350099
8523506
2141652
6076404
9872094
6402037
4358265
8673660
1488831
7646088
8020396
5975664
6706556
4104687
7024727
3984251
3459618
544806
8523104
2165059
7874393
9930987
8398253
5578511
2753216
7098817
8069851
7127241
391527
8807318
9638705
2492555
7494618
5222462
6426520
3299818
1392478
9003757
334807
5058931
1395824
2100342
8774814
9392485
6798226
3573228
7154029
5161161
5884064
5666059
9122650
9868381
4370970
2769498
3768193
5819813
4499532
3157991
3799570
5134396
1707298
2455781
7961004
5069724
2773642
1797266
68250
3812377
9861798
5560028
4046919
1998435
3329122
7042101
2724330
232099
9067854
8365795
6599897
3740006
7412903
7205277
8241303
7247032
2007959
1140464
8474148
5864627
9837137
163002
8513492
3068069
3619556
2658063
7690998
915592
936297
4963348
9871142
8739105
3038361
7310541
439408
6303815
519296
9328967
7935414
6649638
1446111
32710
7000517
7480610
9643912
8334142
9496249
2280726
4016554
9047696
2981631
1273118
9945949
7108783
8211410
1693054
3374475
8392227
8655413
6409308
8447597
9886592
4002897
9855111
6806856
4367235
7252461
6092813
7300830
8729397
9369161
5626010
1555945
4710746
9193618
7917408
1536386
8226746
1130188
2592489
8623490
3760732
9542738
9456588
3401178
7271873
5273133
5368579
8386984
7835354
5441650
5531103
4558276
1439882
154908
5523492
1555114
8274462
6954129
6915839
5722433
4199125
8602849
5648968
6084272
67246
1898909
9057226
449431
9824470
6519384
3835674
2958050
5280176
7840882
87910
9249749
9088444
6808764
6557763
5870879
5831236
6286365
1139457
5973371
4321878
2492325
2171063
5615334
4836382
7595421
2567900
7967271
9468867
1708851
5085410
5437544
9003478
7792044
3665376
1282798
7088024
9636318
9280205
1859220
7218940
2982006
7511959
2592266
100225
8308966
5762188
3974136
572949
2452941
9311766
4732995
3706852
2444682
6420906
3764596
2167458
5170247
4947561
1562059
5622161
7411943
6258177
9668716
9134655
2334112
7991253
4584447
6559838
4304315
5238881
99072
2404935
5174236
3803496
9700238
7736396
8863761
1810691
4079349
1063419
9332167
9343411
7895596
2850608
2549666
7346030
1151153
1361186
7252296
8801115
2486474
270142
7775050
5796620
3906505
8297853
1303371
871711
8057413
2840724
1620695
1901111
5126597
8737534
8546095
9304975
9439285
4642902
5080181
9997784
2193566
478044
469008
1280477
758990
2155934
2609052
5290928
3805754
9648638
2024308
871991
3910915
5543683
2525554
6292538
176988
7082659
8644623
3906829
1596934
92121
7260095
6670724
5710328
7454950
9081457
7318473
1714934
1929594
6711977
3022023
4932576
3203268
1997035
6035502
1618163
2272469
6088495
9014609
4190403
7607336
1001318
7046818
5827663
7919918
6276389
6376617
737957
3288047
6805680
4270650
2587270
4381053
7530976
9001861
583631
1902645
417765
5661575
384266
4280679
5298507
7799991
8896229
3571790
567723
912387
2279175
9039648
9964092
4652148
6251112
1808874
6245486
7257223
603780
3997128
2686616
917552
5146453
2423546
3933004
504090
7851554
3111513
6559720
9206848
1325867
5267000
9453798
9495365
8591447
3070376
9838381
6843562
3712098
4048108
5602902
8378739
4389436
1221974
3929097
1244160
404053
6419886
887560
1327464
7233974
5221734
9073149
3956921
9788298
6080047
236200
8235739
6372735
5765179
8032374
8270005
3433949
3454637
7660181
752172
5330597
8949212
6341492
830813
1331539
5393884
58421
8744005
8978505
3434866
9087161
9990287
6031952
5630067
9347285
3545279
4147490
5067461
3847151
2150546
9900635
3880759
9056942
9688628
6432499
6749272
3457473
7613790
1496016
9813139
951155
682189
3174230
9856435
9094334
9818390
5911436
3037304
4318263
6223677
5045913
1876169
9349764
7933696
6455186
3353587
6030087
9475943
6657689
7002378
6553719
4661579
1146603
3281511
7898624
9870603
5774057
9908892
413348
9654960
2642952
4912187
1974610
7044991
2267386
6609143
1565459
4523928
5374630
5699866
8331112
1176586
4054643
9238471
4236471
1506252
8899052
2271338
7112446
4938218
4635561
8174354
4237895
4286562
5606988
7247579
1616289
285041
81852
9619280
512910
873413
7312606
8118740
3027825
9298101
166369
2042144
1333911
66422
2344927
3365078
5802247
8898055
9969128
2948340
3059905
718013
1442662
1102637
1970540
4770393
1407477
6891561
7171278
7616899
5793406
3609314
7670202
6799626
1328739
6363526
1559902
1806366
5486495
3128887
7023250
205756
3168513
1507005
7886583
8190029
8160497
1400650
5715231
1479246
8605659
5541674
6287221
6840029
1163764
6171482
4009642
9066455
5051060
9288913
3357216
9725899
9778480
3476017
6294244
9327784
5069507
4556794
9396013
3749251
2597816
9337828
9456672
3971616
6686875
828193
2062376
7695944
9571338
7517284
8103946
5343463
8882412
264825
6981868
7081495
6654378
4149229
3678620
9245486
112014
1968468
9452619
7578675
5439166
3340411
2228042
915471
6546462
8331837
5242118
8734508
9829977
3565253
5700283
3219022
3721709
8831981
2665853
5925151
5915525
4839490
8098430
5902704
7252633
8758139
3936847
4886062
1313678
6254478
6288468
967776
5940955
1203513
1593830
2484518
6085823
4163856
5465043
4768373
5602770
2468261
2878537
1167074
3687105
9213240
9552186
5222533
8558775
6231095
6348067
1792236
1009561
5632211
4322603
1461792
8198733
6321274
3848855
8852084
5729985
5554229
3937986
222315
2900603
2493647
9570976
7695175
8549261
2923687
5558359
9823819
6269136
3934657
1983581
201016
4545556
9646784
1480474
1786236
9783879
2736969
9716102
234200
7718421
3817281
2389006
4339986
7903076
9019369
7188684
2240500
147483
4158215
6611406
1995495
9436841
667874
3458605
3907219
2603866
8710503
2670902
860947
9309605
5991
8202801
2326849
741182
8761849
2118161
8833633
6207485
3536224
2431904
1414811
6585225
3154444
7976662
9667508
635084
9246192
8353632
6332653
8521949
5181029
3649138
4251324
1926810
2736052
6018044
5129673
6701703
4731182
573260
7253710
2779103
9838001
9566317
2480486
2235146
3811936
1072490
301984
8537344
1028645
8155612
1654758
79970
7725666
124873
837797
1344237
2940852
6871390
9432862
6277947
1002945
947984
6932561
3566254
4308436
1469156
6407451
4268632
86989
8555623
8857627
9052950
2912866
6584073
8742537
5318953
9928218
3180482
4884511
5768990
5546833
9446605
7054254
8703310
3918577
3344002
6903704
4373720
3808585
6374579
188358
1458196
6311151
6915266
5833826
734593
7263133
1158833
1870727
6889080
2167693
3767768
8674776
5624392
3065788
3956815
2334925
1348827
2718708
4641323
7302535
1843211
7645406
9428752
462223
1842844
6622368
9366698
7834987
3635371
2126207
1921878
1382616
4928751
9901595
5625664
563822
9066115
9472371
738498
1876846
3584140
8666853
2122083
2937886
5775379
7896623
5195268
7504225
1834397
8740405
6894029
1644409
1815014
1850402
9896196
5588560
6692648
6885474
1874195
3465371
2107618
3083362
9095183
2552941
2503197
5878043
5917027
340081
7398555
5239915
4965346
9932842
1191014
6482649
3286006
5756521
2783523
7630084
6869113
5599122
3369729
4957033
7350994
8872936
7790364
5760927
8780765
1435357
248480
7373695
5772524
7743242
4427169
8664425
4167469
619246
5667855
9903867
6480232
6474262
3999558
6818163
1733942
3910182
5134728
3641374
4030870
8956862
6314674
8724596
8138916
451607
8753007
7813903
8110793
8707777
3623810
1114889
7269430
5027480
390058
9934699
9229668
3652482
9858540
5699827
2482958
6692866
1038434
9934107
8807963
234202
2971035
2195073
1587458
3138053
2344696
2947172
5193961
8337223
5730446
2114194
404721
7764045
1068939
596635
454307
170531
9920707
9900615
6036788
7584156
1374570
5418508
259288
82701
858819
4719639
8565746
803769
8942824
3298598
820730
7903985
2356892
5302127
5769825
5793323
8787982
3783796
3677861
8007164
2711569
1438423
2956611
2527914
3601505
6166212
3861376
8223612
5065650
3689983
2496010
88625
8493935
5575595
9878271
5333940
581979
7439982
4281371
3618828
8604759
312379
6001921
5950616
3707852
6507541
3318553
5008395
2791625
4058685
7336033
9518772
4949761
6165681
4134931
1507232
3077968
4399872
6765221
1206990
123073
6120201
4566394
6938564
7127899
7992564
963211
2270799
5474724
27912
836128
8661445
3858218
6600360
7623055
9562848
6063433
5165175
9988186
3645220
6207803
6950061
1568665
6082593
3776832
6073424
652280
6947984
2528300
9886748
257727
4203725
353803
7306599
8312840
2039953
561046
3491880
4206196
2047609
932956
6099552
3714720
6698978
2517940
7934439
4654995
1563899
365133
296840
4347785
1616848
7290509
3034210
934416
3741140
1701953
8736927
2566162
5252776
7981387
1662997
4269191
7424992
1373270
3766427
9856900
7823614
5875080
5541708
8618670
1971600
1295442
9081918
9786717
9997989
4256681
9184072
1872509
5978786
3706359
5140038
9797117
5684761
4987600
3735258
7393032
1345569
9722906
1647385
1710907
2172864
8735541
9461092
9836082
949522
2555137
2294607
8300163
3282807
6361856
9925392
2741807
8978664
4450159
5109713
784179
1859292
7267369
1974999
1773621
9356727
6125192
7529805
756389
2008905
8468368
7741921
2864521
1592958
3222960
8633543
1468666
4434580
2283201
6851854
825659
7559753
1554463
7625699
9327880
4245781
1574581
4109978
8837636
3098097
7975512
2697410
964841
5594076
5276964
991279
8628307
9038
8691438
1902858
6212900
6860570
1489102
6783966
58028
8424701
3041338
2278233
3210565
2165674
7058754
6619121
8323548
19418
7686189
3766592
5738837
7822651
1141316
1911409
4364200
2130826
8683235
4667337
3369960
5081533
8233101
2745666
5659462
4330186
9668589
3978088
4697957
6026054
3113829
4892136
4090674
1061370
4139141
4882987
7768062
7504779
5419941
2141080
5628380
4400579
6358195
3955221
7076038
665475
1328934
9250132
4349487
4330687
2086665
9708326
6450608
7425287
2693
3512437
2318238
9633861
4024662
7058426
7341367
5056366
9517799
6107620
1732336
6886184
1357293
9851158
3572251
4231041
620750
2440973
9125236
5613423
1578875
5206763
602811
7016662
7507804
7233346
5031422
9218292
5676240
5110411
6560423
398058
2541016
7579215
8321656
864714
8916135
4198694
211938
6885313
8440697
3883299
8375845
8633497
6323357
6384604
708949
4267470
6710010
5321285
3921232
6257354
652583
4036101
3187774
3568404
6374309
9769335
1143300
2976743
4132977
5298237
9754649
5732697
2965614
2088801
1196766
645250
2603349
7746636
4940311
3266517
2197590
406287
165257
6401233
4125786
6232536
6740944
450264
957799
5959849
6981673
477183
3855070
6450514
2578544
774225
3753870
7610957
9730315
6702530
6177621
2831409
8503585
7877503
1530178
5326777
1432218
7119111
2408891
4524071
3482454
1415813
1312038
5838308
3212456
4221047
9332226
9484356
7055781
6598969
4847212
5198182
2320463
5902972
1381415
1409546
1644451
7211872
1084312
251509
5636020
2469290
1735593
3447936
3196322
9484851
6783421
1225830
7936726
1366825
2562561
5262706
3471351
6843185
6324646
5378284
6984707
5324197
5547834
5332677
346994
50614
6494585
7266274
9645828
577523
9618754
3723403
3187726
2211356
1540078
8662849
675195
5103096
3628118
5292156
6913827
6460999
3530458
7285732
5697332
6527650
2466391
4347292
6751674
8825817
5779868
1060808
5467577
5366568
5128223
4145321
374935
9116525
4959711
2514437
1197977
7480051
3426857
2606851
8267021
6099825
6195402
8192870
7598672
2330391
7623409
5878886
6069901
4411113
7439220
3728605
1315425
2539923
5493311
2420502
7669454
3687122
8617066
1763708
4529600
3379344
2944676
407514
5990892
6436060
9521576
5191518
3325934
4159610
9388326
3907943
7156785
8028042
3281751
6386374
7549808
5285738
1306641
4973798
6194985
5641287
9879577
6606185
4878413
472377
8256308
5378104
1690442
8696222
9603784
3704848
2641748
2592765
343779
6197153
8195362
1493399
7997451
9748706
2860115
5951451
2645526
4037412
7224547
6980450
1076905
609757
541585
943320
8579783
397318
4395676
7855261
468776
231939
7055140
281670
3428445
9176124
7773270
9729795
5343131
6681571
1919198
6807739
6586509
1123337
113407
5914267
227041
4247487
5249767
3466462
416772
1791687
937324
2374798
3974549
8732375
6333030
9919831
2433608
7703804
4552120
7959659
8216446
4206858
8002102
9039473
4100502
813404
3346351
2294368
3088988
3196360
4331655
3837746
3412482
7985166
7645035
1957552
6672244
1715060
3849672
3495229
1083811
6384275
5146340
8020540
6103034
7461829
71590
3238486
7145403
5724340
1231844
3340184
6322125
4124484
3637400
4516356
3502819
5996297
4247683
4737770
58370
2117153
1255490
9003230
2506949
3522941
1359323
3676233
8022897
8151588
4053239
4177312
1535300
3664520
56120
7016385
2041120
4288191
7679265
8689476
2510137
8388868
5830967
271829
3156108
6827927
5859302
4775202
1836251
4051194
9735374
6861556
4177558
7101652
5918291
6860980
5533418
5425629
9592442
2120128
2488879
6727253
473761
895378
1823532
8896084
2721803
8528539
8234337
5532629
1378958
98286
6171814
9889024
453922
5556131
9483028
4796951
4346941
9397028
9336452
7944406
8851716
3259678
1435307
2352109
6937808
5794932
8988651
1375733
5885431
5651428
8583404
2779322
9168947
7423584
1811232
6419399
5859601
5491336
8071235
4612030
353661
8391064
5536216
3403592
9276170
2658295
261986
2155543
7500957
5549495
9731866
413270
8090512
7313713
7011345
1083300
5746929
3512109
229201
4177479
6626190
1136039
6690107
9214888
1925812
1220824
9388820
6334839
398571
5216111
1802920
7913443
2728586
2292795
5065921
2465997
8485368
3044007
3257935
6520708
3176646
1699340
6423972
2837996
2032685
8106035
6794532
1174339
2560459
7498638
4937370
4273850
942793
7354871
5715298
4646264
4922382
8496872
981703
6273380
5009429
8418849
366056
3307258
4178567
7254519
6683546
3896631
7305833
9237381
378186
2033198
8780833
6371740
3459639
8740555
151455
9851238
6959998
4244249
9918962
3918553
7800925
3588190
7570490
6058761
1401305
5280451
5608621
5645556
213778
754902
9176798
6227359
470143
2485370
6282162
258356
288561
2932539
228337
3109726
1287399
4893521
6302271
4064311
4714102
5810870
8518347
2165752
8975593
5423956
1518561
8831637
8043293
5201406
122027
901386
8119412
1248766
8328109
2424166
6106679
559860
7697837
2743313
2764336
62879
5541745
6736842
5662930
4430470
58558
2442215
4764438
6764765
7444206
3034605
5954392
4804962
6910844
6796212
846742
2478422
7149306
9457830
6900634
6041525
5291636
3684413
1998566
4617275
5774240
1626408
2895618
4327905
2232624
2843337
8974148
9174393
586804
5778458
9142807
2358393
2433573
1942025
1184976
8639128
8071068
2627800
2703364
2724328
9805287
6316211
3534423
959152
6730296
1400007
9294393
4974266
7199990
8928177
2063517
8631527
27486
986646
8216366
3164085
4846818
9768687
8724084
7984225
5842988
3347530
8634829
4182582
6456083
3777310
3093910
230356
3962335
7338162
4221996
8765964
1990399
9676160
5992636
4599165
7758721
11270
5811136
2893112
1320953
2101592
4030578
7634113
9973797
9056067
1903474
3914311
2436650
7268205
3665616
2657078
960218
4320001
8895461
580180
4310301
7260734
8775579
2987137
3774951
3244584
6945412
3450976
696210
316485
9431197
7497917
4296495
898852
6367494
4752504
4889141
5150117
8137450
7495375
2328097
6487338
1982427
2426116
2593806
5841309
2339546
321468
7528136
6248558
8378851
7195189
4117466
3378901
6467609
5824467
903500
5632592
5695017
3651508
6094908
260976
7173870
3882554
6942350
2585368
2825010
424107
8597080
9898858
8594264
3561830
8624233
3734171
1371832
2225312
914419
1425157
155359
7051041
4131038
8186689
5778212
4405601
2331622
9511445
8414421
1140864
482316
33647
1263347
9766812
6250492
9917220
3474497
7969062
844774
8781125
5728620
8320848
6407737
9491864
3425077
7064559
9818793
6099760
2458900
6325131
8668282
580719
5187297
7245748
2199927
8603773
911548
2135612
7970876
8380718
3487233
34573
5534835
618615
5446935
6902896
3129295
8954104
7909997
3653808
9193223
7323895
993224
1450606
4366820
1698507
9344628
33440
4508517
5847366
3809535
5749406
7916218
2555549
1420343
9415562
1304844
9308732
8604718
4802975
3417769
8646538
1775172
1277116
3295378
3359885
9791927
4449085
9637878
9411861
9958248
5297044
7521639
7849255
5455834
9271133
8544152
5052382
173444
2461917
7900141
8345772
231052
1014300
7623081
2631661
7560779
2292296
7587639
3971087
2609574
8250225
6007280
4843642
2984647
2933531
4583401
6272881
3148972
1560445
4396292
7501628
684766
7158268
2714978
400391
9970742
8582258
5266203
2234996
5914451
4975869
5047036
9105523
8666200
5846442
4162593
5394682
3087625
7032213
2674122
3498024
1327038
4705441
2984392
8993067
3267103
1618059
3162457
3547323
4585695
4162390
4682724
8715214
6837335
7010307
2876568
2094230
5323956
6570639
743475
159160
6511004
127462
5028462
3100927
7886427
1454724
2208100
474551
599587
278622
5942844
4631970
3817637
9718959
3260977
997728
2439530
8850910
3554339
1499315
2194259
2899090
9822255
845734
1175947
2699721
8022790
6201652
2622716
6833730
1232251
8425977
9401870
4446001
3746052
3953189
1413745
6763685
3651910
4922148
9696282
3912759
1937656
881738
4069449
3790166
2774118
9854675
8168969
8389827
2912329
6098844
5054335
4651665
3870050
2959999
879978
3334671
4858461
9923153
7068253
7983085
2908121
685424
3781196
5999065
1178823
3494435
310354
2546609
1029358
8615693
2863632
6157659
3344319
2633029
8437964
9877723
4341217
232765
4489129
9601542
7348309
5797642
8410552
8338659
6915845
1127546
9409515
6405073
1768448
2458656
5398575
5263005
7549449
721810
565301
637109
5683931
8615064
6265499
6336046
3643522
6598102
1146021
4399854
4801364
5235030
1766672
1214834
8502706
3773148
1463887
9698161
8731264
9683036
9570854
5316703
8086579
3274713
5149819
2856170
8966933
7351139
7883798
4195449
4492691
8575558
8721529
585941
7144868
8364631
5930248
8636867
245060
4517477
1397980
302228
5073259
7939415
254413
9306561
3663890
2147203
7449947
8913882
6785063
2001850
1395856
9214704
3911241
4279881
1101580
8931715
9657470
5354571
2548644
6280381
340557
8256871
6131273
1248847
3005092
3915691
6114994
2890576
641554
7032069
7201613
6650513
9333856
7335239
5788597
493844
8387863
7398249
6941484
9363346
9758758
3238276
5331790
9149092
8377476
7347729
9582991
688799
4159416
422648
8256860
5543121
7425122
2819855
7295240
1015374
3895350
3035657
7897053
8834124
3939530
9817208
653620
1347830
2753879
6741034
7276494
6383422
1549592
8046953
8849911
5515488
9170395
1138933
6571548
3924012
5742832
9993868
6576861
6242131
8559577
7044781
1806044
885022
723744
936236
1100324
1974220
6572155
3870370
1635916
5952848
8929060
6254738
6506101
777746
9809313
5017931
663755
4087185
936204
2353411
6637335
3925897
4459426
2461809
9086414
1992997
4581914
8724777
6094230
4377815
9227886
573744
7646617
343287
267253
4013614
4280217
4636324
4255581
7555211
7680148
5963934
7718270
462797
1413914
842209
7261753
2375355
4383358
5865608
7050082
4118189
1755271
1765451
9279250
8850897
9343766
4025480
1219386
3221962
828475
587632
6230263
3724969
7034019
1208579
1287139
2941093
7303626
3704129
6246248
7454414
6832850
20406
3961033
6358925
6854216
8981105
7200054
7783846
6635205
7050282
2100767
4438114
3127465
6954632
9450646
5163918
8679382
508691
4700945
5766993
9075311
3369971
3930478
5565604
9359996
94885
2404406
5169974
5641751
1543293
5600967
4642954
8364648
2465266
4223324
9374931
7612847
8638390
4226742
2949974
7785232
4063776
8681364
8248332
1266977
4007802
2387378
7972069
9614498
8675499
3916404
2505846
3842190
5235308
4030539
6436451
3623459
4361375
9305984
7378591
9583820
1101459
803521
5957441
1751696
6425469
822152
1957311
3634553
3280261
4207421
419944
7143563
5614008
538746
3578295
5106034
703211
912391
3679800
9887439
4357685
7569248
5276502
2202788
2693687
4038470
6835776
3808842
2947273
6079796
4183744
7127111
165076
7850115
5729252
693094
3792284
5604439
6628974
7188200
8976264
657179
5430860
8060343
2746235
4479726
8459010
9281758
6289496
953465
2944342
1511348
3834737
8991622
915113
2807641
8507528
7069566
6983630
6393476
92452
9351081
567419
4068481
3264717
4138096
2081741
6725222
8976406
7202493
8993420
6001179
1995332
5889918
2792370
5711720
5649914
3199331
8456120
5392258
6885744
7735702
7040310
9452255
6728344
3808734
5994492
636480
9654687
1852676
5292974
3099155
3315450
9732692
9452851
4747277
5851723
1616712
9153946
2285904
2337955
3608031
2822337
8810747
7482956
332201
5504686
948644
3591646
1578554
934480
7967316
8483884
70132
3405829
7968406
6824599
5247668
4304168
9123066
1031577
8664589
1088543
8084249
9776098
3749649
3431715
5001865
5375855
5692830
2484345
2892283
5307005
8589314
4887535
3338358
8860234
694919
8965663
2136508
6471847
6513357
8131013
2427677
9011720
7888861
4009865
5721141
5748617
5693296
671784
4579191
4815784
3304544
3741110
3994018
8383916
803190
3707903
7785285
2810587
6112146
1523116
3840223
3804926
8753399
2385589
4394777
8849770
4128756
995113
6987246
9729451
8176054
1910154
9899800
8494999
3736448
5793118
2921698
2821994
7536695
6207476
2490822
3334948
8727819
5102572
5561901
2548166
6552081
5649674
1084385
2666017
4974432
9857528
7864229
8109993
9809410
610077
4392221
833463
2698056
998525
6288551
6522731
6765723
4738192
8239731
9695447
2642602
3458404
2414518
3372793
4876596
2149319
5627552
836694
333855
988856
1117619
5503477
8149833
4593235
360270
8939373
4865437
6475372
8711222
815055
3616978
6581190
6961207
3650831
2045532
8975613
160495
1767903
9179710
8021342
9623326
494087
5291999
9031401
9811595
6233616
154866
2237661
6087209
2277257
1364252
8908601
84708
1486943
328044
6512077
8509135
8289610
9155375
5969905
9893851
5785128
985968
8381958
8001292
6748232
7486254
8435061
8459388
7895152
6518419
7486927
2274314
2485139
9807222
3796033
130227
8092600
6609675
9584491
5148252
4443317
5006576
943729
437587
3536219
3818724
6403977
9308945
7172171
418251
5682771
442061
639514
1287732
7950566
19426
5590219
966746
4107286
4130425
3103509
8689770
1546354
5190552
794051
2831343
6024079
4952576
9202389
3785897
8793720
6028803
4945717
58106
5402672
1936726
4652604
4572661
9630465
3085479
5953260
6005517
9301426
1883755
1594677
6176264
2948847
8368126
7323284
4016574
406810
2012031
3221892
5170525
1347200
2915648
1752616
9468162
4653153
4709247
7168174
2452553
7423321
3244244
6474558
3120936
6223552
6738252
2427184
9095891
2180256
1949021
2968972
8288869
7971630
6398334
9271587
3476723
525139
5958972
2469070
9365873
4004175
7286541
5767244
5934662
7823664
5366955
1690824
4957826
4403718
5937309
2656526
8646116
4807223
6662815
1736385
2850968
2187570
2883045
9266726
5347613
155321
6286902
4709276
8452465
8824801
6986351
3474660
2717568
5482511
5487319
1655847
3218934
325517
8179181
4604754
1447217
7082431
2077593
8014486
8946659
7008174
6048950
662692
245124
4349738
7652770
1157030
6036775
9712352
4726800
970778
4464124
6870157
1712322
1748628
1309452
9982821
9140941
4981156
7209251
8177495
6759912
7203907
7702012
6428564
1701586
8088112
5083839
7930301
697702
4749083
6898384
9788238
947100
2285143
4843417
6799300
3902327
1020741
8218330
7157586
4027458
8013126
7540317
3538296
147743
69104
4304622
8562455
3674414
4149745
6714326
4910460
2306482
6953247
3406296
5232591
6145790
9655053
372176
6248536
5191801
5160762
9066427
4876948
2388419
9594057
5786348
6423252
8754438
1724098
7434499
5763574
657461
4968480
5472010
65041
8795047
1455545
6967564
6448457
3061902
2844513
6530615
1161668
3722110
5677016
5492419
9175604
9170070
3040451
2761052
428133
2373170
2933224
9611278
6601328
6808144
159586
3823426
3780125
6150566
3688316
4538427
7620834
5299870
8196724
95740
6131080
1074559
401492
2267296
444502
6575264
4323905
4590242
7047556
6070099
6293488
9232841
3611130
5743266
4848293
1454251
5286298
8393429
7419062
8129424
3194934
6402176
5753769
6260640
8895319
126360
5493876
4455189
4258205
259822
8053005
3648641
1553118
8802721
4606802
5715901
5967424
5761203
4258345
8249299
1978540
3283492
1315342
2355496
3247568
7569028
4788890
3549316
106014
836630
8736009
4659618
7435770
3010746
6119808
432343
1655162
6546307
7223932
9422181
3107681
4949207
5953508
9636102
8549109
9434430
2582681
3692392
5997452
2753300
9400394
9544440
9646018
5669460
1741396
5885770
7805640
6867833
8315127
5674453
6670969
7560127
3507796
6138909
5812423
356441
6165403
6658551
585228
4711306
8769415
1690413
9414015
7779000
5185876
3495769
7705828
7627424
9799871
9092707
5624444
3845830
181919
7796727
469269
7571216
1319529
1005493
1804358
5343025
1233899
1097428
7070244
9706297
1556249
2789770
1732542
1293621
9791051
8114701
5616399
6258421
3297863
1060424
5863248
7648817
9012443
1517162
6856607
6159062
8692650
7957213
591869
6965183
7380713
6144161
3070710
8621060
4023247
6250546
4621234
814975
8298807
2392587
2612711
3814652
7950383
3498419
1733858
5639585
7164296
4366668
3671084
4133849
3446020
8502908
155684
1713819
9520402
3823288
20603
305868
9329267
6872804
7954032
3536632
9825521
3423829
7172913
2658680
6641008
7445671
5549959
2338623
2935986
8647
6613790
5680622
1588611
811233
3631806
3000572
9151225
6424243
2194912
9892501
1205601
9278870
6292768
7389064
3251663
3085554
2209215
9625643
4591411
7525102
3492249
7686008
7806883
589461
6523515
7196235
9823468
6974350
1586664
4276464
2684837
9099127
4533832
5501937
5109192
6288213
1895843
7041842
511549
6729578
8238521
3178272
218222
5107772
6200968
1623492
3872221
9104990
5683229
8672193
5829086
3294538
88149
719718
164927
1789929
2175086
6501175
3910511
1306221
3641477
1792574
8292479
8373196
5991506
6089977
8245417
9547405
2350380
4521977
4569053
1739061
9120027
9694964
9080930
5764086
942377
6285656
267054
1521096
4994128
4069619
8270794
474649
1390702
6745439
9433700
3058503
4387743
9328817
7463758
5761395
868703
1729913
6897820
6878789
9202090
9683154
9915881
9381863
7270660
6413261
8422365
6573098
6173578
2080882
2931957
8863098
3009402
1082820
518418
2451307
2024974
3916457
9130374
2520209
8234313
6910952
2294713
1236313
2930
4465039
180859
2051045
3725364
8948443
7824568
2459926
7951852
2594773
4751980
7921347
8265880
3793167
9763674
5973352
4522348
3406061
7289028
5048592
8712405
5753814
1666535
692523
8772132
342286
323315
7899975
4930689
6242432
8562176
6760032
6816934
4049691
1181750
6354946
7680982
2659839
8742297
3067370
5274532
9860602
5115370
8541629
5111161
3547912
8876652
9278672
7891707
3180979
7784064
4104470
2450178
2755274
1543859
4311260
8267912
8212385
6458998
4905848
1134334
9846255
7861800
7620625
1143572
1427411
4408907
838422
4040600
3212594
1463494
8636377
9614190
8636349
2949435
6193368
3291197
3470819
6260031
7897455
5970334
1169911
8492264
7798577
2077460
6292683
113398
4187117
4167942
9185054
2085320
9215060
147295
2005550
7922179
9139791
4822345
9962728
9430201
6473566
5368573
8137853
6302958
3847870
3579330
2039463
3320099
3596758
4745534
4237695
3749498
3458893
6684330
3580940
2672055
9755713
1710396
6770562
9385763
800315
7260197
736071
6759528
9916044
8484795
8795581
4577470
99560
4361658
5673162
1764082
3398620
9540232
1110084
9396496
7080339
3011940
458576
2091368
2220410
472571
5363898
7791984
4865789
7197351
2141254
6083970
5782259
1224056
982812
8688958
5432788
4253641
1970955
2726005
5855927
8935327
481148
85024
6144068
8939071
9613557
8082564
4733122
764512
5892486
6803326
6184362
6916701
6226971
9573115
1696761
1180472
1491689
7610041
4683073
4806796
3973326
5893085
9533341
7265988
7754747
4728164
334176
2690211
639282
637652
3059766
6392043
8766650
887875
288781
4986698
3717082
7901078
6779220
6885067
7588543
6672973
2050398
8511489
4938909
1246235
5114898
1214865
7567280
3302111
2668319
5357052
57713
2865265
5257776
8721394
5763611
9233300
2853878
43165
7042069
9927084
3805810
7658501
7438091
5233614
184079
7788743
3002758
7532810
6380715
2672619
3750661
9890816
9482528
7042001
6614236
1954649
6444380
9630349
3131980
3391977
2258932
5286603
1117070
5790583
9314532
9270320
5508064
5269143
5980199
1390918
9955256
2097195
8058017
7415012
1742426
2332455
917542
4856523
2649657
2442376
7821307
6502914
8642558
8683538
7197048
1863926
6763759
3006376
6004683
247827
9374179
9488138
4030870
6564230
4448220
6318189
2742940
5984909
1719077
663548
4098254
4291592
1528397
5012574
6530051
7048285
9963953
8691705
9396078
3948022
9481089
9757276
1502087
9396823
275018
4171710
8325243
3609692
5674185
4844704
8496115
1024377
5880581
8249238
6111026
8615589
3012061
4649562
7177448
1959254
1819662
1664299
8538836
3096789
8513631
6022030
1406140
39690
1958571
9191641
4907296
3849741
5819240
9685721
8585849
8551927
2244876
464070
1284096
6144558
3590070
5035861
1338678
4739480
893881
7262878
1157360
319683
4780444
1814515
2632667
4019304
1904153
8938181
2867924
2876313
7482557
893271
6822891
850159
2719154
5731098
8810443
1199911
9680964
1034287
4292094
5025341
6979278
2344327
9346261
6430001
7317039
8727067
5852774
877778
3913837
1113312
3970240
2480528
6495675
5390075
5585999
7798319
4187337
2973135
2518997
5218912
1894140
7277290
2904548
8636382
8471779
136137
1427136
1505794
6605541
8573862
6690157
6902353
1929757
3409724
6974579
4066825
845666
8101719
7702066
7351677
9699049
9189307
1738016
9128881
1640560
2591465
9432318
6650120
8815429
1660349
8508763
8119268
9219712
6896865
9506995
5140236
7777434
9347606
8662919
9900774
1171530
9656536
6793215
7675796
5910899
785134
1916278
8488351
2098872
3504333
9415494
5813808
4136306
2178582
3226268
7301304
8603732
8376605
4213213
9722483
7871284
2384
4459742
7455763
5276489
3803606
593333
1095061
4208416
6216061
9810406
8135282
2819199
5273549
3125115
1217445
9607615
591792
3819168
6041228
4631169
3220552
5508907
5820556
7404009
8031822
499235
965640
49148
2691668
2119000
7702975
2152332
4626123
6616255
7694289
1620245
4181939
9884890
9656208
4671736
8828952
1817612
2073300
2615206
3589181
7236886
1789726
9440125
9691962
4050836
7441839
1450469
4989260
1777237
9146726
2109985
3304210
7637159
65517
9678455
8881828
8636272
314636
3960282
669581
8491584
8318214
9878702
6699054
6685677
6737124
677117
9367214
625783
188732
1137647
4919547
7947657
1986829
1347896
7421185
1875346
8956467
2080537
7768216
7925915
8938860
5022379
6812431
5619317
2929970
717742
6616301
7603581
6683415
4512328
9469934
5627881
9932978
1286538
3820163
7220749
2690117
7627187
7267129
780640
379227
2502822
8165721
4876025
5336189
669312
7709009
9751999
2559719
467077
4001899
708332
5218840
1966319
1989227
1029153
7106791
1515125
2537460
8348105
899614
3727662
5923920
3662366
4695683
5060828
6173383
7259824
3622570
7785706
8058707
7535702
5224586
148978
266083
3625870
9242929
8698810
1981349
512355
1577274
4555413
1016674
7127088
9571791
846474
5658399
5251253
4681547
7854251
3801018
4676350
7620421
1540058
7599397
2479886
5463850
4566797
4899621
161927
8844481
3827588
6730135
2360681
8729487
3573396
418107
5126932
4096935
265265
801323
8154847
6512471
6399532
9951792
6146597
1195936
1924433
2263182
9568184
7374961
1004253
3516209
2309794
4080451
8095706
6367559
4654298
7818898
7339064
