1000
6345359
6066778
5758768
1424159
3405713
1896105
4657451
5188364
2511641
3936244
362900
2472327
5034838
1179413
5682707
2691961
1539293
1743714
6857073
6699329
3831915
5963012
1780655
766108
4828678
6255158
4281843
5441007
5035138
4964636
1488414
5938932
597408
6374205
2055673
280063
5716049
2315359
310605
4374316
4636056
445886
3531729
1361511
3784589
2261864
4500862
5083864
3281021
4725432
6425215
6974121
1090159
1499629
900292
1062901
3292610
4568294
1512694
6408142
4909810
3044796
4648837
795563
6482745
4564348
4061980
2587565
6371090
146431
6709814
2436492
3124440
6145064
4200458
1318882
3484749
3662138
3067938
1555604
2251448
293779
4730314
407961
5482213
6257289
6097507
3574376
4169168
5037728
6618391
6175810
1214172
6255909
270439
2490009
1573374
4041449
3318048
3562396
1920759
5826717
2660012
1366944
740478
1202375
1442500
1979564
5802875
267551
5808899
1086177
5484336
5180232
1515030
5831492
1115891
709934
2994384
5516778
4830230
3356728
4042778
6358079
3258535
4145258
3366023
6056946
3834898
1554011
839174
3455808
4679141
3197325
2615601
2127196
1196716
2141038
161026
5933944
6877819
2930538
113764
1190259
4770570
1234283
1645607
4453855
6183226
718894
1667662
5122925
5185590
2997251
3557827
5039992
6758325
1932065
6597739
5998826
1245467
2463971
2697747
1311695
1649151
3110563
1211017
4749300
4397128
5247346
6446728
925371
3098864
6324913
4411659
6299135
4504106
4904463
4030530
141662
4897440
5443871
5949986
4103783
6530325
6664148
77527
72865
5748586
4370332
3012501
1596150
5173372
4714967
2844684
591867
972650
5272627
4768122
720733
6422836
3371814
3512218
2256809
394815
4025286
682938
6857463
1059381
3191240
5747498
182324
6473417
458131
1317264
5519499
3555288
5169600
1279065
4253232
1330283
1189425
864394
6066121
418649
2430795
4911988
5254713
5196873
3939409
1097094
6133321
3970134
3734046
5206525
4148277
3872971
1871615
1478262
6106641
1834445
3231850
4989731
3273558
6631896
5973279
5169372
3965261
3295265
1116762
6897037
6519703
3924827
3527154
6782222
4566231
3496982
5696593
4189200
6702012
4164417
2298448
1110642
1017902
2597072
825967
5171635
3786900
2804537
2844334
3121026
584000
4341912
5873354
6155186
1219256
1598130
2817303
1180617
3715682
5044054
945143
5079672
5229707
4007583
1555060
1376868
1915412
3587607
1101056
293539
3179129
4039670
1638598
2862530
2541119
3520456
1416876
4284803
5491258
6894508
2937192
4704164
2243192
2834808
361276
2755098
2080461
6820474
4907727
2429085
4216700
1370714
3523562
3130652
2159807
3898651
161611
4644754
4807284
3207168
4297833
3850416
592420
5958795
1885701
2784954
871600
5541536
336746
2102638
6921178
545161
2991617
4852062
1806765
6078355
6565523
6563551
6483658
1019925
4928987
5242906
1405201
651792
6686599
6247552
1265768
5901810
4180427
5941914
3093803
4547573
942434
6900350
2616496
4594148
5278819
2964701
1842869
6169278
3583356
911098
1918185
3822259
5397965
5825909
4419796
1107595
5674723
3488261
2704291
4926886
6766543
2760005
6539668
1992158
3318627
2064101
715258
4566152
2225480
3237825
4208173
2088858
5550207
4832590
4963986
2498854
5863410
2036401
4383747
1421381
3371190
613738
4940442
2996623
6340064
5779693
3274079
5130950
558657
2231441
2169227
6479698
6399935
4237473
244089
6825319
3315921
1803537
4967720
5295875
1104022
5292682
43695
5810643
1376979
5496102
4265278
2012981
1837639
6147256
163724
5012184
504173
3651010
2062947
6108544
1488398
3490442
5115140
4034086
180864
6639174
1570935
2161340
2036222
5459956
5095604
2385998
5776229
1719430
2355815
5082756
4352841
2761595
971876
3711300
5573618
2451721
1659815
5015284
6552118
4055222
4489478
3094429
3075700
3881734
4186677
4271083
6138474
1624655
366966
5866193
4417716
5357224
5466011
6248841
6480354
1995776
1490809
3796793
4772084
565835
5066859
3554097
286837
4771286
1963648
3925713
428657
3303548
5481026
2138440
4781011
3716913
2547172
1191671
6688736
5561019
4649479
1061619
1765130
4511681
4976041
3442922
1123890
208060
1969066
1782621
3935229
6166538
1375932
1641547
645905
2453025
3174887
6241454
687277
3711136
686327
5183454
6917539
1171521
3685507
6346196
4940914
4656107
5765082
3651850
6774276
5509284
5209419
2841597
152832
2551396
6389457
5611604
2571597
3808901
2316505
1899483
5169509
2570134
2000946
1989288
6274385
5150798
2654480
1001310
5584135
2111197
5220029
6734736
6725468
2759582
4441245
490365
5319463
4174825
1587420
3971385
6077044
6083398
5815414
975213
6876514
5965308
6801378
1436917
4652570
3460039
4819996
852839
4180524
62503
3857678
5035699
3207495
6326421
3699930
271014
6547285
865361
6364294
5296649
6224049
3179478
2714821
3778790
6317126
5377711
1819422
6927850
1272261
1953380
4299387
1427238
743938
5796428
1566289
3081520
5872044
4757830
879142
3429286
94119
5260099
1158212
6195154
2554760
6779194
3287800
5025705
4620844
3345279
4433351
6852718
4339765
1624878
3344687
3575988
5764130
2686145
1416341
3713984
5586122
2812033
5822992
5547212
4268469
2219866
2266128
4221608
4170903
3445255
1514668
6117820
2108650
3370284
3595400
6163112
2549927
929794
3495775
1439692
380832
3375788
4256051
4472739
5310845
1481001
3368142
3310986
6185169
3936739
3876403
5363935
5161816
3177572
3278566
4978053
2103376
585832
4042325
5026627
1507120
4085261
3993506
1609996
2257673
6607846
2061902
3174361
6411960
6535152
3934083
2797874
4472453
4264604
6566334
4116749
6499484
1349963
3416151
587021
5139237
4067672
1528622
5148139
259982
3026420
6620210
4761253
4773370
3065363
2255652
6330763
1389916
2425339
3536378
6118680
4586615
651338
4969993
6884432
5010952
5998615
5111616
787055
5013651
4114716
3746702
2510695
3766360
5427261
5333024
3572660
4487525
3875513
776776
1285725
4887685
357420
785657
3105673
1374614
2720190
6368879
6720186
6855992
1451052
501228
5791467
4584610
199729
3123740
620290
4979662
3334736
4082778
3733170
5682772
1817473
1520395
2752049
5024789
6298550
3902248
5181840
1417486
6477832
1571866
6018684
1916172
1455427
6891070
931727
1509886
2961866
4272136
3477204
6089062
6935337
5484291
2535126
849706
6461877
3593398
5179619
4524295
3959266
3125027
5147234
935077
3365217
4423913
4045326
6664901
953779
1016457
2756494
5916054
1828815
4447941
3333747
1925864
1150444
1210020
5867853
3120504
3936108
4141907
5948842
983081
1202149
3508133
4929388
4844244
442508
5984443
3323718
3053238
5691264
2700607
6553107
4636552
516337
4273738
2933779
4799531
4624550
4179778
4877123
3574211
5377709
5026711
2623963
4491740
3942352
6431958
6343366
4671958
6752564
2062802
4523078
1790677
4476342
858115
5464740
911401
5202255
6118399
2517983
790047
6492371
4871960
3251778
947939
6771860
4688467
2870158
6147600
5770275
5278080
6325015
2114262
1600886
146363
3731755
726151
1564581
278013
6297836
6588414
433167
3900191
3894271
335916
6055257
3951725
233245
5426112
1202070
2621027
3529351
287539
4113283
5382855
3293910
4660845
6930537
2010210
5462448
6509015
5792613
3844060
6552087
4257150
965188
3964787
6477787
2096352
3177352
5211416
1150640
1105879
3624584
5769382
4894170
6322591
2112115
2335423
6398405
4055046
4643893
5507589
2957425
2011503
167538
4937458
5472650
2843970
517359
1299797
2234005
4272564
5986192
2509354
1069639
6705326
3814268
1373076
3576496
978908
1552156
4845753
2331412
1038869
4484419
4398906
5454874
2578146
2582248
6450830
4171678
287981
2226894
3701754
1593505
4433928
3045380
3236143
3478240
70742
4869960
303680
3483970
6869402
5627079
1339582
4434090
2953050
2622272
6084529
6427181
4907695
626054
4544693
1222493
5577196
3510500
115120
5082820
6573673
3572570
470828
1160685
2450731
5896070
4525717
3386971
4693937
4422366
2678352
2914397
4242333
3731034
2713461
2084537
4289470
2589423
3311723
2468229
6624374
724405
5165151
151254
6388044
2408234
1939873
417615
532049
4892047
5655259
1859675
529319
3312368
1533102
4552181
4339954
597569
3271274
6071204
2315039
2492324
2790698
4899973
1830220
5518408
5140874
4255552
1534931
2098539
1350279
1677853
4385846
5630591
1633265
