1000
9506
20801
15877
7262
42
11655
19554
26253
12099
25131
19446
9423
5088
5453
14171
7169
4260
14323
18581
20254
11953
24573
27076
7191
11580
28215
10920
2747
15389
29051
23940
12745
8258
6000
1308
29903
12002
12691
22040
14861
2975
3152
15691
20684
10485
14013
17869
2340
13471
12099
24819
8798
11256
19754
14097
26519
14223
15760
14774
5390
13892
2646
26965
4987
3888
19704
1588
25339
16273
19174
13805
17628
26514
11091
4370
22849
10473
665
17085
19938
14249
15271
2101
4596
24040
20041
25021
2976
5467
18274
10391
8675
22846
17433
20502
27170
24304
18205
6481
15239
538
4421
13219
24812
18080
10473
7311
5395
16848
13719
1216
9359
1512
20083
23999
12675
15012
6990
12334
24501
26645
16113
17361
12527
23837
10038
18284
11746
3206
4899
4263
22102
22786
1236
28415
28819
22461
25909
27414
9125
28815
1289
1018
13632
4030
20345
13539
14400
29729
16764
17190
29898
1439
22735
16375
9365
373
13522
28379
1631
6774
17855
12603
29182
15596
2791
244
25411
26349
11499
16444
6172
21338
22148
22143
27431
29905
22463
615
9198
16722
17161
5914
23476
21294
7074
16685
27194
4443
15713
14215
9278
676
26741
23232
26576
24269
11186
29656
27986
9557
10096
5844
10748
1716
8012
22067
8138
692
4121
17614
21490
21420
3351
24526
5285
24118
22382
2904
28002
9378
27319
9219
15105
8532
23383
6010
6403
11049
7657
25645
16723
6535
19015
14978
17065
26898
4629
29401
21755
24122
17642
7245
304
28146
11467
12870
19171
25148
13382
21083
12480
15439
25032
27332
2782
7994
3323
3950
28601
22243
29520
26552
22555
20280
4965
16859
7062
15495
8771
7670
25520
22649
14310
17639
1388
14041
29018
14069
1825
14626
718
19546
26281
20758
19688
21598
1848
22747
4773
11279
27575
25215
9579
24893
17900
1949
12589
28593
12600
13240
15786
8638
20780
3412
17010
26000
4713
12820
7734
29120
15059
9533
3707
21705
25297
14186
5083
10645
15427
10361
27624
22593
22304
29906
7805
14464
5740
17448
11411
19322
24754
3960
5069
29157
14451
1327
13825
9660
14475
14920
17844
19387
13677
18482
2272
29981
3547
26207
9956
7581
820
18777
24328
13976
26345
3056
14540
20980
20989
12447
22748
18410
14745
18716
29490
16750
28858
26173
28072
23663
21784
9496
28296
11658
26563
4307
18002
29129
26316
12571
15097
10553
8701
18640
18250
14393
24950
13308
17850
21470
28453
4356
10428
16404
3857
12087
10155
17774
27443
13876
21178
1294
9842
18089
11238
11921
23370
23478
16276
15009
9543
8815
12796
1134
8852
26144
3761
25399
2890
23611
23228
722
8359
10029
19717
26379
20526
3102
6078
24313
26164
23543
14699
1260
14526
11086
2449
15347
9828
365
11162
11946
7298
22929
4131
23424
3675
14318
8402
21942
5882
14368
24743
14724
12247
29484
21821
26294
19939
6965
27165
12707
13456
15866
19776
3102
6511
28684
15903
26885
15143
9406
5849
4711
28079
23493
1296
10163
3656
14943
7728
17147
25418
26720
12173
13863
22794
16295
28472
2406
3508
24943
8717
9056
2235
9297
26540
16551
17978
9927
24403
1579
25990
9291
14084
3436
25682
10414
19656
23082
17774
19845
12096
22521
26254
26574
17843
7713
2098
19408
16553
10321
18279
7888
24530
11763
21417
24752
2852
18299
7219
13666
15296
27385
28261
25050
24448
28814
7952
12097
18367
3098
14226
822
11796
4036
953
20527
10253
16740
23093
9869
18356
29674
18782
4269
12448
7409
23118
19851
25691
24478
1341
16657
27547
12306
16232
3102
96
6447
21853
7089
15305
9208
19622
17300
3059
1872
29791
27126
1055
8436
16582
24385
17278
27381
3422
24538
5003
13790
26543
17222
19174
14196
9709
4393
7657
1195
21235
17850
29576
6085
23853
15683
27050
19109
8495
18037
5102
20498
23254
25432
14364
16727
584
28383
28202
18183
16138
6362
27783
24270
11326
25045
4279
14194
24535
19198
19644
1464
1531
26660
14061
21891
4611
28827
25750
3944
21282
19611
26427
14301
704
20808
13882
24848
4370
26733
22508
27395
20583
12546
8424
5780
2033
23548
21557
26443
17742
5523
22937
29405
14259
15
114
12878
23700
7803
14688
10163
21794
8956
10142
18021
13537
29771
15995
26914
26549
27726
3177
20957
26057
28997
17922
22
22107
19023
22017
22276
11207
26157
8916
20830
11423
11950
6172
19097
28500
2170
3566
23883
21283
28219
14058
10975
12623
13013
21637
18498
14342
18246
22629
15802
5139
16199
14328
8998
22624
8515
18993
17695
4214
27519
769
28670
27011
14599
12798
17048
1366
11290
9650
29412
29161
10827
1715
3374
12107
29241
20474
20483
28666
13144
4434
16700
27418
4382
8768
6712
8740
13786
22905
26034
766
9390
22004
17730
5443
28669
13820
10719
2863
5759
16882
3090
18680
3538
17102
14550
12924
22731
19263
24507
18500
13098
8583
8841
1394
22187
16540
15074
5404
10425
5100
17329
11284
29261
16512
11678
16563
27908
17723
25619
14898
7966
27200
26841
21029
22515
7726
14219
6308
24400
1721
17212
23911
25727
26021
4181
27070
18229
19729
29606
29818
17300
4606
7742
16860
11121
19995
24614
15607
1264
4383
8439
28292
24427
28881
29612
15203
28914
9495
19298
17960
1052
29722
27035
12010
23435
1474
18930
23891
28718
3955
7610
596
1023
6660
13823
13433
3325
14695
27581
17956
3749
12058
4175
11065
9017
6282
17712
2773
29442
22654
10110
332
24626
4263
11564
1422
15330
20818
25766
3957
29866
16502
26943
21773
767
16033
583
7584
27382
16442
22233
6973
15815
2562
5232
1156
3389
2813
29385
12897
24665
1414
14851
3795
7734
22340
1075
2536
17752
28615
21764
21527
15550
23310
23740
19737
17270
249
2522
14948
287
16886
3340
16630
9546
5611
8109
24459
6522
24510
3690
20458
13098
20996
18037
28642
27437
26164
27235
12621
12529
3864
14577
19566
24077
22751
27908
24332
16666
8545
19293
21195
8717
11569
5499
22755
23490
14184
9242
29983
27812
25075
19161
4453
16697
9179
13561
29613
8827
13021
22450
25759
21953
27654
19872
29869
5884
26381
24858
10042
15789
28013
25379
5623
26772
18717
24217
29880
21475
21773
4779
12103
241
13135
11224
11268
2266
18096
3490
10311
16979
14626
6258
12260
