1000
-103
-657
-39
993
-1454
1709
-1531
-125
-145
522
-1045
-1301
-1307
-1553
-716
1183
-381
176
929
1845
1007
1275
-1670
162
-359
1541
1843
1846
-49
778
1430
-23
863
-655
-384
-1055
-317
-1276
-883
1081
1635
-1029
1158
-1141
556
965
296
1510
1910
1019
-686
-1916
891
-1376
172
-240
1146
-42
1772
-498
1467
1210
1951
-1468
-1754
405
1793
705
1511
786
1200
-1198
-1145
-70
-12
-530
-1606
-1561
-794
1010
-1425
-1988
-1713
449
1562
-386
211
538
1923
1779
-1903
1582
-1153
828
-487
1569
1069
-550
-834
-333
127
-1547
1525
1777
-339
426
-1012
-1683
-1606
-768
-625
-388
833
-1921
224
742
-1425
35
1898
-592
1107
630
-1073
1409
1900
-1660
983
1714
-373
423
-1416
1341
-1030
1515
-1992
1551
97
320
1158
-1852
546
-1882
845
-1911
1580
-1820
1995
20
1612
261
-658
-1072
-821
-367
-1410
-215
964
-926
282
1838
1504
559
-988
1693
1254
-388
-1157
1717
-1350
-52
1337
-886
-204
1952
-30
1981
1612
-857
-1025
-1137
833
1877
-481
566
681
-1061
-1919
453
-1443
802
-380
673
-771
1923
-1307
260
-298
-419
1388
1750
-515
1911
1974
-546
1610
770
-1914
-1674
-1269
-1472
-1765
-1915
-1849
-89
1489
582
-161
-1664
-937
-1471
1543
-437
1931
1737
1601
540
-1263
-1757
-825
-879
-1382
-537
-1005
1015
1706
1858
-131
1757
243
-1385
1626
-697
-883
-1441
1618
-988
-833
1944
1111
-388
490
-1719
58
879
301
-1320
-1184
-1420
311
-1722
-1570
-1421
778
783
730
917
1885
-996
-999
638
67
-5
458
-1368
83
-513
1424
1616
1496
-1672
833
-4
-270
-1975
-992
1860
1888
-18
-1454
-756
-1015
829
1140
-343
-143
1931
847
-1478
-1006
1483
-817
676
897
1792
-1789
847
1310
538
1419
1146
-1687
-1129
888
-1890
320
381
-100
-185
818
937
176
-760
-1895
-1387
-150
-678
-1295
424
1253
940
1200
-193
-428
-1106
1570
1007
1677
1081
1575
-1594
-509
-1531
-1823
1381
-1266
-1761
-912
-1983
-1814
1199
1223
1936
1081
699
-1719
1837
1932
-300
88
280
546
-1834
-123
102
-100
653
309
959
1543
1806
1775
332
920
-1319
-813
473
1098
932
1765
1836
-1053
-761
1257
-1983
-733
-1885
-690
1832
-1714
1199
5
1655
1702
-27
-912
-1788
452
-389
-737
-380
1589
-1785
919
773
-1926
1664
80
-1298
-1611
1040
-977
-1537
54
-458
1785
-1294
1116
-1794
-1771
1120
1703
1055
949
1094
-214
-188
-1397
1328
1876
602
-501
1276
255
1244
947
500
-1697
983
3
-437
954
65
-606
1459
-1918
-878
1514
233
1129
608
911
1892
-1540
-1237
-1848
-1272
930
-396
-1517
-699
1169
-1553
292
-836
579
-1486
-705
476
405
-1257
1443
1622
1163
1930
-662
201
-1969
-806
1892
756
253
1646
317
-895
-175
365
1053
-1722
-1947
1967
478
-160
-846
-1438
-1664
-28
1246
-1268
1556
685
719
1149
741
1461
-869
-1992
-12
-442
1794
133
977
703
-1256
1883
1742
-1470
1315
-1651
-972
-910
795
-346
96
-796
-238
809
1414
1492
1823
229
1873
-410
518
-533
-1848
651
-1715
-1185
-1124
1263
-988
-335
1099
-1545
682
-352
-1258
127
1830
254
-228
1696
-398
-655
936
-1750
436
-700
525
512
373
-1461
910
-369
865
1528
190
-1747
930
-667
-1471
1151
-1538
487
-706
-1186
-1499
-1857
-333
-868
-676
-1693
-386
-1103
-1766
1570
1864
-1678
-196
-4
869
46
174
-1127
262
595
-170
-118
-1749
1562
1289
-1002
-142
1915
1845
740
-1566
793
-1024
1086
-939
85
-1315
858
-89
-35
434
-667
-1900
1048
-1348
-998
-4
1324
805
1823
-1920
1962
-1353
329
1359
1971
1449
418
395
1003
-69
-976
429
-1799
-1669
1928
1131
577
-1664
878
485
1479
611
1249
599
-1828
1437
82
1888
-496
520
491
1879
1855
-1032
-1991
436
-344
-655
-170
-1189
-138
1995
1537
-643
1004
-846
527
1175
1759
1397
1136
-1965
1459
736
999
-1212
-185
1999
1251
-673
-580
-273
-1523
-1830
-1971
-1160
-1051
1620
-1160
0
1381
-1193
-1881
719
1544
1436
1833
798
-430
523
920
-222
1536
1957
-594
-47
1866
1981
792
-707
-1217
1273
123
1570
-1045
-326
1851
-188
1182
927
211
-112
625
749
1486
-164
-1529
-1290
380
315
1534
166
-1521
-1906
-504
1332
-346
-1599
1751
-954
-830
1676
-1919
1970
935
505
1497
-130
-960
1840
219
-1513
-432
382
-1642
-1519
-1398
1227
-514
-1677
-1263
-386
-778
-454
-223
-1137
129
947
-1594
-780
-552
-342
509
1905
-1651
545
278
1833
1250
-311
1941
-492
-442
-1486
-356
-1680
777
994
-768
593
-1493
407
-1372
-1583
1753
-1255
1079
262
1654
1575
1404
-1436
-749
-1831
177
1468
-234
1941
-1063
842
-464
-999
556
963
821
-986
131
-1247
161
712
-1499
757
1367
649
522
-1471
1034
35
201
257
-689
-159
1977
-1083
-672
1611
-1752
157
802
720
1912
-1659
397
598
-337
1232
-727
-760
1243
1535
-1049
814
-1895
90
-340
1482
-139
-1364
-1603
805
-1717
933
-201
1440
-1171
208
261
-768
-622
1493
1331
-688
1423
1670
1849
-296
-212
1923
-648
-592
779
1714
-1264
-1351
1219
-1448
1654
298
1203
1865
-989
-311
-1479
1735
-1047
460
1842
1521
-1558
-208
1286
-575
-838
1813
1066
-1209
-1445
-1292
604
-1983
676
-1456
-1484
1985
-818
-1298
-18
-1857
-1937
-594
-1057
-1753
624
-1942
1855
902
1919
1190
1231
-1948
1097
203
-537
1596
-383
90
-1066
-1774
-1901
-1292
1290
135
1116
-853
-1158
-720
-714
-510
1813
-835
1273
-109
1730
-1521
-1903
-562
384
751
-326
-179
-1066
-75
1062
1218
-1696
1870
-1468
515
-1577
-1551
313
1702
419
-471
574
-1689
-1
-1689
-831
1647
1731
-1143
1573
869
1679
-1033
-648
-1508
430
-1068
-1412
-818
-1391
