1000
84
168
380
738
94
727
367
852
37
493
486
25
653
931
136
351
908
537
385
498
212
226
788
649
231
416
921
85
474
452
807
391
979
253
970
388
517
696
834
296
16
242
862
544
480
922
954
58
715
576
315
973
377
839
871
141
383
255
774
319
214
128
736
326
602
668
545
381
639
927
606
825
686
731
846
238
678
421
760
664
77
246
883
179
923
642
750
595
716
819
699
442
851
20
143
217
704
861
521
417
855
792
512
284
163
86
489
256
70
282
799
57
63
96
941
812
81
203
519
755
833
857
569
693
237
522
64
939
215
106
980
93
301
289
501
681
82
155
955
695
610
495
614
259
92
177
582
874
670
772
384
458
3
781
401
74
80
43
740
415
420
164
981
404
612
35
349
245
32
449
330
933
977
665
453
581
337
220
858
730
490
573
459
507
373
744
867
524
604
132
333
779
466
900
28
840
646
878
447
127
688
875
320
247
467
299
756
318
562
836
558
916
310
205
962
719
588
152
285
564
725
706
40
145
622
950
368
824
134
785
257
842
423
496
989
838
616
159
899
594
434
448
659
244
79
158
780
643
252
121
187
230
27
918
468
882
379
611
844
307
732
644
435
751
552
885
374
2
56
475
620
21
929
87
98
758
802
577
22
661
712
59
560
892
930
752
233
580
189
91
393
397
856
721
425
572
344
176
872
823
428
109
142
735
424
50
406
737
904
538
617
78
36
971
523
461
450
343
441
934
66
703
117
160
102
99
193
455
570
497
801
794
891
290
994
370
407
702
438
153
396
1000
960
637
293
961
864
375
841
968
31
150
837
266
161
213
765
76
865
240
83
549
346
202
191
321
254
470
910
124
484
672
924
4
793
140
888
655
399
472
69
6
362
946
207
535
630
300
627
596
679
322
422
298
692
739
167
188
211
984
502
195
667
44
477
613
723
850
826
827
30
776
276
174
847
767
778
563
565
635
623
278
107
228
376
932
897
292
334
754
272
546
72
848
456
881
454
919
873
662
539
548
184
726
782
734
312
589
958
506
985
149
684
599
201
724
625
789
640
830
492
791
314
182
746
901
534
101
286
666
700
73
263
698
975
513
306
46
218
297
849
880
485
567
815
427
460
45
358
122
387
115
820
71
895
766
584
1
324
360
796
302
818
38
607
525
633
225
504
52
275
660
236
199
811
29
745
543
342
579
173
88
845
294
206
947
938
345
48
634
940
603
600
920
773
366
775
440
200
810
629
748
691
426
323
126
508
729
325
648
350
175
770
757
669
130
197
593
876
936
995
353
829
530
687
925
966
510
395
991
547
798
232
55
685
258
578
913
566
821
771
854
587
204
135
645
451
410
348
411
976
170
647
813
531
317
137
690
268
817
241
586
626
733
365
23
110
675
105
568
113
965
605
951
361
51
987
309
482
8
313
185
803
926
340
288
476
269
118
709
224
479
222
907
139
631
429
805
887
790
17
621
759
761
676
219
742
473
708
216
331
412
419
146
953
186
520
657
741
998
111
808
959
26
902
133
828
208
131
61
192
948
722
928
430
148
328
250
949
905
114
437
879
555
898
601
986
526
912
753
557
67
491
9
972
338
308
860
689
7
762
632
363
835
990
190
868
583
443
280
964
198
235
13
129
329
24
433
677
54
390
890
123
641
529
915
747
542
509
248
249
988
869
956
463
243
974
273
262
768
229
710
108
332
952
911
264
210
5
663
996
619
516
116
409
378
786
814
144
718
914
615
260
682
386
221
894
575
608
763
515
371
336
680
831
436
917
291
180
169
499
694
194
445
945
528
636
295
673
554
414
597
95
305
49
494
982
156
457
550
997
154
15
503
969
628
540
559
957
403
822
402
893
68
749
165
618
832
261
903
432
389
896
889
943
556
183
574
431
935
408
89
527
62
65
271
464
339
590
119
372
147
909
14
104
277
178
553
764
265
267
853
304
327
713
196
162
963
227
697
364
683
701
488
877
591
311
671
656
652
394
471
223
714
53
533
270
446
787
651
536
769
609
967
654
11
650
783
993
172
392
514
863
75
418
41
806
234
354
886
518
316
12
60
283
439
400
532
18
33
942
341
658
906
239
469
707
120
571
884
624
359
638
720
705
382
505
804
983
816
809
870
335
500
483
478
511
34
777
398
356
937
465
10
352
944
112
138
481
561
97
717
413
279
287
209
347
405
39
157
711
859
674
743
303
166
444
541
800
795
151
462
171
90
866
357
797
992
42
784
274
978
103
487
355
369
592
47
728
999
125
551
281
598
100
843
19
251
181
0
