1000
25530
23832
5282
4214
21139
26338
11408
28161
7873
23612
24316
7319
12895
200
4949
24676
15024
20654
21537
26501
26978
21623
13341
23996
20140
2565
17118
6817
9494
7597
15173
24629
10728
13858
7136
3155
8091
13775
3006
12998
29227
12865
13323
12769
4382
18255
12969
21167
6846
14310
10255
10728
22066
21301
22539
15548
8555
6818
5924
19103
826
23256
9067
769
8943
9198
4479
9657
10364
2180
15615
7501
17991
2876
8794
8096
2383
24915
8738
17241
18150
8235
5007
14188
27021
28598
22208
12680
11597
20161
4397
3724
18369
4091
29336
9798
3362
816
5185
26922
16282
4902
9481
18379
20585
10291
9678
27737
9926
19625
14997
4791
9261
23376
20245
10951
4935
7182
23264
19077
18711
2917
5997
7533
26961
29817
5888
602
21925
16444
11356
17708
6729
4808
12047
5156
23252
17273
2475
3343
16231
388
17332
22621
17766
4376
23285
19757
7156
16048
13421
11767
10733
3649
8807
5605
23228
15014
27992
9774
13277
19062
2226
5905
17245
1791
15509
10235
18605
22305
27924
12566
18454
18473
17941
1342
29398
1480
8098
8752
11752
15680
29997
14257
1986
19323
2465
12952
680
25719
24659
22761
3438
9634
23351
7375
13034
9454
4655
24277
20488
6049
5646
26258
12055
9579
17147
21807
9728
5845
15217
23477
22535
15251
18243
26840
22299
18725
24077
10970
3511
17856
15206
27677
26219
16611
12689
15753
13684
105
16690
20470
22375
13259
13965
19687
7838
27759
16699
25123
21337
13345
2278
3185
27510
28092
6228
20351
9131
16388
2000
20575
7055
19459
5459
27983
28008
11583
15650
11283
9984
23397
22161
22353
29377
7876
10389
13113
29631
20392
27047
26207
7333
8273
20677
16631
26935
5375
21858
9803
4902
18956
27534
19388
17891
23799
19680
26898
19947
5336
25167
6258
24912
20565
22464
10539
248
11472
13626
15437
4862
16858
24773
2695
19271
12825
24753
18219
6223
897
12675
9712
27266
28402
27306
21827
17894
877
26240
16204
16357
7236
22620
26312
1321
26909
23860
12984
2064
25811
847
4501
367
22730
20217
1855
9795
25405
3312
28897
2098
15829
24139
22002
2816
28503
26282
15962
16062
16187
11720
15838
9501
16085
3773
1979
13791
28930
14544
27803
17614
529
9194
20471
14743
491
19845
10026
13198
24032
10148
9293
13717
16336
4460
8308
21735
9122
4160
17044
7102
6901
5242
18703
1652
8768
3685
6910
7175
23352
25400
24105
12742
3166
25229
10326
27688
26594
26127
4780
4348
20200
2321
24899
29626
22229
12268
16619
18824
214
29697
19429
28617
17197
3804
6385
4321
22138
19465
19189
17427
8914
21921
16438
21003
16078
10524
9206
16023
7746
23898
6779
23776
13368
8381
27960
6983
24712
15534
10682
3466
16215
18416
12609
26949
9146
13378
13737
11141
20917
109
24724
11961
2884
29117
6181
11793
292
29661
20988
15624
24607
21531
1641
25598
6851
9738
5183
1198
28814
28743
26326
18799
27464
14595
15628
3365
12717
6542
12362
24391
19798
27829
10079
21339
3042
26530
24795
18622
6246
8946
27466
9216
17294
21429
16107
13483
17870
1998
28379
25140
13146
16729
25955
763
12127
17580
24539
27149
10540
20230
15913
11401
23312
21877
8330
12255
23441
22580
18604
27203
19574
256
23254
10081
14642
26956
7732
2155
12766
1323
21874
526
14353
4058
25621
29891
4078
27792
2961
9857
2603
25661
12410
2831
14489
7632
29770
24679
4693
28197
23547
870
19322
26539
26450
25280
6352
24228
12649
9649
24485
5221
18376
4270
16998
22013
4607
5786
26827
22467
3793
2949
15692
14616
19184
5438
9396
8059
9282
23817
17216
12507
29709
26875
28500
25143
10564
12898
27819
22225
14030
12402
10648
29314
8783
20810
9086
16535
6773
28821
23400
19448
27681
18349
21030
23433
23088
11161
8708
14074
20454
8119
4425
18601
278
3525
26937
4568
4911
23385
1495
9528
6854
27441
12123
21220
21404
16549
2204
24715
18061
22760
8618
28709
25333
1437
2042
26054
28862
18005
26111
1873
17178
23047
5217
5140
20409
29161
28365
6465
28024
28587
14713
18428
6086
24707
3122
9616
9700
4866
1636
18589
18457
28246
7333
156
26591
2505
12222
6547
19933
25478
29943
29171
20226
1707
11006
18862
27691
8314
5332
27287
7777
1210
10260
9314
11154
20123
865
13930
7546
25959
13115
19249
9182
21683
28701
28354
21604
28757
22054
17154
27378
26287
29105
13813
13074
13129
22868
26573
27919
19709
18226
26126
20880
11980
27069
21612
3837
25966
1228
21910
24914
28999
24948
5676
26223
19572
14534
29755
505
28421
1685
29353
6849
7189
24914
22235
10943
15524
9702
28981
18139
13334
4011
5849
20023
13587
12839
22176
22460
15759
20438
9847
15536
23845
6659
15521
15441
125
17459
16026
2481
9997
12543
19611
18125
29739
16140
297
19084
7312
10040
26712
29328
2871
21778
5022
25804
2325
14886
13874
27731
13635
18165
1362
22280
26711
8669
740
21192
11153
20330
15300
6064
23617
7400
29917
875
28309
6612
20323
9692
23008
28638
4540
18245
5447
27069
27583
18066
22869
4687
8916
17461
27406
10299
15323
24639
14560
13766
1529
27591
24293
10846
17757
2458
17413
454
13009
28447
27193
28574
13212
9013
16874
26589
1428
3500
7672
3134
20609
23085
26278
21718
14284
24007
563
26782
5030
967
27108
1504
12277
14115
25628
28498
9945
4675
19773
6538
6029
12460
29432
24957
2297
29419
25201
17161
23381
5258
17118
27195
4423
6402
22910
20861
813
8701
21638
16288
22886
17558
28374
15346
23243
12896
21707
13899
1676
20527
22958
4138
3460
13543
10281
20247
23086
28032
22585
19749
15633
4706
24686
1878
18903
26083
25712
9114
24508
29002
4380
4326
20929
16111
8668
829
8719
29537
28181
22190
26249
6963
1658
27529
27547
12052
10493
21071
28399
21273
20486
14021
27774
15258
5100
708
10371
5286
448
27745
18811
2643
18809
17124
361
29670
26121
135
26326
3739
22207
18957
15013
21906
11974
20828
8821
16694
10603
19032
15871
9595
12604
5950
26319
4467
25595
24314
21040
17949
29825
29157
20736
3548
23216
17166
8019
6271
12177
19571
19267
21682
22876
5645
13364
20016
22630
4006
8822
18546
10565
15160
2484
8009
3359
9315
26569
11332
