1000
-506
277
247
-2
-816
594
308
-344
153
-557
457
540
142
323
-449
-478
-294
-64
703
134
-148
-44
65
667
-563
772
-49
632
-472
79
772
587
-542
-275
-379
857
-272
465
-306
-210
-900
766
119
-163
-163
988
687
565
-619
-671
-449
-650
-552
876
526
779
782
72
557
-355
174
-99
168
647
108
-617
-63
-593
156
-221
-432
-331
939
-953
-807
-605
192
204
-497
-605
-543
-767
-849
753
154
531
403
695
896
203
-136
744
398
-273
842
-961
439
123
905
633
-652
258
471
-468
645
951
-711
-720
942
954
181
-733
735
-456
178
-904
797
-176
232
-533
-898
569
-51
714
981
207
732
863
-425
576
638
-415
895
103
-344
355
-272
-375
-156
-359
881
173
-387
-199
-347
747
-335
-280
104
-39
793
98
570
560
-229
229
153
-558
60
-831
-807
118
-467
-436
61
518
-42
-49
820
-614
-825
472
-76
213
331
-824
206
989
-365
-94
0
-532
-696
-545
-233
-69
-637
-981
274
-70
0
-606
105
201
-260
860
-929
-592
747
-879
306
-418
-783
-516
484
356
319
966
181
-825
841
-804
73
-102
564
794
-90
-115
-569
-924
857
172
-335
-332
689
551
585
163
618
-47
-9
754
888
167
71
394
-648
940
176
-528
983
910
-488
-127
-7
793
677
-114
937
-846
-184
208
-819
-40
703
-843
-263
-993
68
103
-747
-967
-468
-400
835
-844
244
-492
899
-681
525
-732
666
439
775
625
623
-899
-38
629
578
-574
-614
-126
-65
-127
-461
-790
-2
-194
-388
331
113
301
-987
153
-373
-207
-841
764
562
-892
322
126
-554
-545
-706
374
874
978
-17
721
-471
234
-326
706
-22
-443
-330
-154
160
-937
9
67
847
-678
788
742
509
893
676
602
314
-320
732
605
644
-90
801
-275
590
-413
-909
-971
-965
84
-294
-161
-982
-445
501
-70
-916
246
408
431
9
481
-946
-728
-581
-609
-684
171
-27
-584
597
575
98
-333
630
-79
-609
625
-990
-86
575
-524
-287
-488
778
587
-13
936
-428
181
252
213
-26
-712
-697
539
845
934
634
508
718
-794
776
388
-751
617
-406
970
-888
-827
116
-81
638
383
-876
-316
36
-70
-142
-727
-918
-946
723
-565
-349
-884
-468
496
718
659
-171
-974
9
355
-122
-96
897
-363
628
833
627
-167
-443
745
-846
-576
780
-78
172
-527
-710
-923
-950
-387
-202
149
-272
229
892
-102
2
943
-814
981
-862
535
853
133
188
240
785
454
-390
-35
75
146
120
582
-780
-21
378
-229
702
922
84
357
362
-338
825
789
-557
-4
-433
862
-479
-860
-470
568
86
-807
-599
386
444
965
-632
-677
764
-1
-794
-818
728
-586
687
868
698
978
-924
150
-69
-983
390
-941
882
-410
-941
-703
-657
434
132
-944
-635
-666
-933
766
523
496
361
346
-130
963
-865
749
788
130
5
15
-434
96
-471
-57
112
-535
-603
-878
170
-479
-921
-898
262
798
860
-182
113
702
658
361
259
-382
-95
-712
417
-138
27
6
861
607
195
-723
-319
-877
-649
-530
112
604
22
-855
787
-432
460
445
-134
997
-188
77
56
-265
495
265
-138
168
589
463
757
-777
-705
-788
125
-483
-177
-871
274
355
-576
605
631
98
-234
925
-437
375
178
108
-469
-451
769
563
826
-351
-976
309
-28
-628
-707
855
-490
200
731
846
-800
806
-499
847
-911
562
-568
132
-833
607
-984
645
913
236
-279
-462
580
-59
-216
810
-909
-25
-256
-914
-455
895
-845
546
-795
753
-187
-588
-716
-80
-867
647
-51
-974
-912
311
-79
69
379
713
859
-904
-824
609
706
-603
-379
147
-455
-703
-66
102
75
-570
139
-517
533
569
-244
716
381
407
-814
418
-537
-157
-2
381
-24
85
-762
-110
915
337
893
133
83
-720
608
319
509
-927
-945
-236
-611
-459
-350
735
-936
109
663
687
715
987
330
198
508
553
-868
766
-113
-562
746
524
419
197
-24
560
-930
366
240
712
273
177
-615
-492
-228
694
435
-351
-287
-941
-341
-97
801
-999
858
106
-259
-978
36
896
311
-502
471
507
-819
-117
369
936
277
-905
-814
733
84
-133
103
-22
299
569
-145
-498
97
270
779
559
265
-342
-861
55
124
26
95
807
-741
296
-50
-553
-337
-29
194
-804
-897
22
58
-508
732
-63
51
684
-247
-791
-669
-745
-140
405
-154
673
402
109
997
683
789
265
-232
-946
-142
52
-337
22
-496
-61
-432
-845
413
-974
563
847
-653
158
-46
-310
-913
569
726
-182
-425
-590
876
86
-717
200
-578
-612
-503
-897
324
-935
702
-392
674
-245
242
450
807
811
-295
271
-791
182
471
250
869
-954
883
676
-16
-470
706
-616
584
366
-283
734
-563
39
-460
630
-925
684
-375
-596
-734
-242
-88
539
642
-852
-47
147
301
793
-235
-856
85
-900
-953
-589
412
-535
489
920
-19
-627
-924
842
-698
907
-344
-353
39
-735
-375
472
254
-557
-140
875
392
467
-395
-582
-107
-224
-870
-565
594
778
171
907
-131
-240
758
-503
-159
-458
-240
-23
876
26
870
566
-369
-240
-933
886
-735
-225
-118
812
-747
996
946
563
619
-696
878
-427
-876
333
-888
675
-873
-922
142
498
-518
-88
206
584
752
-983
-557
418
-663
772
-154
416
-959
-192
899
877
