1000
27476
27622
5823
3620
15118
13974
22758
21908
18985
12553
7404
26799
25970
21111
19177
25645
20477
28836
9478
17391
24761
16925
11076
12817
12123
28106
18490
11288
16119
18961
8518
302
7405
25047
21236
20167
1327
19395
12572
8126
12929
29569
11382
29681
5257
25232
20841
14343
28950
73
10401
5306
6157
24668
622
15108
15343
12664
73
21546
25414
29943
29378
8383
24462
5988
10564
5447
22528
24874
20746
665
25098
28458
21003
27455
19178
23656
13761
18477
10137
26227
4616
13644
21236
9199
4097
29938
29462
4225
16374
29568
24834
28550
5368
25736
5995
25376
9140
19176
29942
11023
18164
12231
7191
2215
24897
13531
18905
115
20118
5077
330
3831
12785
5946
16018
12426
17554
19662
5156
19640
28950
20047
620
17090
13917
6507
16249
18848
26791
16639
19908
26517
221
22574
18446
16237
16364
1530
20505
26406
29148
17394
25981
22823
26654
503
24218
15937
981
27740
15789
26449
18588
19675
20251
15151
16405
1198
14922
25095
12241
28096
21823
6994
24923
28993
22274
17103
7038
12559
22750
16275
11815
12712
17509
7914
29030
22441
22881
10680
14510
13537
13444
14849
24028
1207
7361
3857
13140
10036
29667
2826
14102
19999
6795
5368
27248
4468
9719
8786
16253
28623
2046
9903
9659
19515
27016
13825
25834
2034
10586
16147
22624
7407
19855
23531
12826
1864
23074
6908
17069
18513
8249
4156
16635
17695
9099
20940
13121
27931
5201
28921
27788
24238
27370
14317
17067
24079
15625
6003
80
19334
21130
28438
7121
2492
4178
26372
23227
28833
28259
25892
2774
25018
990
13553
3859
4533
19427
18978
7761
23914
17188
16024
15151
2288
9769
1699
24204
13720
20268
481
27931
13962
24500
9588
771
27739
9311
12991
2642
19240
20167
20621
27841
10625
5592
10510
4786
7989
6216
18142
13766
27989
3860
548
26011
26200
19020
27268
11474
24059
5509
2993
25855
21202
24141
3075
25274
8448
25067
1104
20915
863
6483
4555
10466
19228
3177
10470
5244
14770
654
276
3442
12529
28294
10400
13267
12842
5802
9523
25585
3755
28456
2646
17041
17986
21384
1525
732
22639
13530
6268
22771
15434
107
1729
22143
3342
24823
29485
694
26721
9768
3448
15466
12721
16748
15840
10811
27148
18324
5606
16205
555
17769
11189
14436
17757
6426
15072
20347
6828
28560
6246
6933
9038
15810
19588
28331
18491
22148
20776
355
2869
21434
13710
26737
21144
2955
4249
25928
9216
6225
18063
9753
17650
1292
6849
4812
2520
25398
27446
29484
28444
15601
6419
25373
29679
17757
7913
27049
12455
22854
5019
25847
6867
8281
21050
20317
19900
15383
27918
25436
12331
27171
26740
10954
3905
28597
24703
16750
7414
5745
9068
1587
1297
27521
5222
23695
193
16063
26354
27214
28374
11263
11592
1143
28815
17161
6767
25856
16705
22388
15364
28477
29808
6126
19367
12468
9949
24040
27026
19644
12476
10654
29638
20340
2289
26165
26035
27184
7255
16108
19012
17597
5548
3813
14502
25270
28701
22109
22339
7055
2185
17639
7422
27631
17220
28279
19981
24171
15435
7433
27470
20284
8814
7890
18664
21523
20223
9935
28287
19747
23158
15946
13971
20124
24094
7659
13846
15384
10704
25578
19704
23374
13849
27890
14289
24788
5339
10977
2394
16738
26605
637
6168
9506
27248
26049
13734
14627
5855
12628
414
24876
25441
8218
27987
13789
3647
1652
8190
19890
25468
451
14803
3361
12198
218
28032
13602
7512
29329
28786
29598
29641
21894
3123
27360
23381
6974
19300
17817
24997
7225
2978
8688
1053
1251
15320
21973
8627
26662
6257
38
1351
28445
777
3995
5395
28772
21711
29388
3296
20811
14297
29411
26194
11369
24420
29308
28658
11005
28869
9945
966
16592
29057
29441
8494
19926
14422
27672
7550
26500
8580
27114
11875
12123
1708
13537
4068
26514
6547
19255
7335
29890
13906
10213
7276
14554
2126
19849
14202
26627
16639
26854
19268
14430
13839
18198
6248
14922
8768
28474
20788
20897
25642
14450
12165
466
10497
391
15741
17433
24879
8742
23552
18010
24499
22328
5819
26878
27957
16492
17122
6596
15236
6502
26101
14072
11615
29728
23662
21729
17308
9454
2249
16387
696
27728
24288
19941
5516
18993
13042
3614
3880
3277
14720
25481
26510
11999
22996
9703
4286
21031
2174
1171
18570
1067
29084
4000
13749
20789
5
7087
17293
13114
20578
26525
29889
29178
25225
21833
20449
16435
11416
1011
3169
18848
3691
20480
19689
9791
26857
7658
14316
26576
6017
28645
7827
20714
5581
16508
21206
13240
22448
12505
374
880
16849
7187
8825
5587
26452
7778
2099
25040
27089
1982
6958
16548
8932
22677
16806
22412
9328
6412
13252
20251
14000
24989
15412
29750
26652
14142
11829
16413
22916
4242
11084
18820
10028
22281
5621
18320
21684
10739
7608
22157
28067
7329
12676
22811
29152
2204
3243
14250
5388
13535
28633
9626
2367
3375
16625
15253
15197
15516
1238
14200
3045
24975
3043
1404
14454
17107
6745
29043
9758
416
20579
14958
97
13346
20598
19756
5874
29592
6282
5980
23441
21705
9903
6723
10161
16465
94
11865
18661
18088
17534
3278
3542
15572
5792
29466
20371
6725
5703
28274
16614
25982
391
27863
15535
3780
15369
2152
12272
22830
27576
29239
2467
27692
8907
27625
2091
26804
3247
20823
6870
16664
6912
10642
9772
23956
11237
13396
23912
13859
29925
15169
8895
28785
5705
13211
28945
4090
11232
17333
28187
24561
29913
15535
9287
12750
17728
16833
20145
23647
13832
13267
18214
623
2145
14040
23499
25843
599
26059
6471
3569
17783
16482
21935
11308
22094
911
316
7930
27391
21606
1418
18166
14449
3240
26383
24321
23123
12765
18870
15044
3773
2497
26104
15104
14804
23477
2743
24582
19209
950
16118
25571
20288
7595
8535
22579
10344
4040
18530
4023
15195
17839
22479
23041
24819
12342
28897
23611
6279
29763
22239
11895
17185
2148
18624
20929
2926
2092
2387
3553
12753
13720
6760
749
24564
17423
15789
21595
5116
711
19753
4452
13687
28613
13743
25236
15493
5388
20288
1774
9168
7591
5808
7277
5322
8849
22931
17525
21602
14465
23715
21447
19474
9748
14753
12483
3879
14322
805
29080
12510
1907
16068
