1000
495458
72854
837188
708535
241096
632864
541735
436748
605889
355123
718630
187641
812689
370595
369802
20899
543879
338961
364032
389209
846398
62601
728240
586491
305279
32764
314798
567941
846916
389397
156617
874364
954583
104185
883970
573427
6489
231776
223255
418618
63903
689675
1724
69028
665271
416353
637035
107316
98376
842666
92370
913635
981655
773735
492651
538641
863078
263819
837674
161926
660023
650010
414479
193059
117998
124765
208667
136553
456276
325951
532063
876325
772856
225224
866927
918967
586800
212339
405686
693054
867965
386349
304612
459619
391436
131821
641858
526270
197657
133546
22181
330152
860846
656958
236737
823006
441482
891861
175957
668110
731932
651921
975556
849794
285166
555454
340420
255334
943519
684269
935151
641399
40073
471919
995575
251658
846401
246575
957687
427062
591484
648877
355044
46112
191694
779347
900450
44961
426958
617909
307891
255318
737622
142954
126666
18051
228071
330497
208638
761060
133161
490146
235418
103122
749071
543555
272145
312783
610841
646979
266318
961198
743539
755239
378410
651874
53563
869102
5687
592353
488544
439634
266873
866292
899110
816734
934132
139102
289413
765927
627553
109158
599793
184680
219002
167811
677941
437182
504948
593316
787897
913916
89805
740441
417570
620204
103803
414945
419672
455203
604676
193232
725283
763520
447979
688285
981678
395649
699784
499974
447470
623617
874865
624928
663260
751442
988052
408319
241310
766515
927591
179517
496580
923246
417270
2091
590829
456145
439899
505810
663434
660230
984204
843556
597114
65937
536910
416708
610773
186406
915592
144559
153925
889957
307058
141637
101262
532019
482092
223672
287917
281846
39723
356624
236894
630444
592334
351384
139448
231273
310543
941736
297396
999275
97813
462416
893067
889755
291749
302174
851645
143203
284089
726093
179117
860518
139241
242442
644137
490208
613766
689572
319048
779868
137542
268111
472301
916620
901977
639700
344424
788872
851994
787737
110267
737638
971361
115080
217145
426418
159541
82911
909962
543050
147615
653780
992204
922073
429849
663075
124180
553070
412389
658293
644626
469880
99067
913006
531090
623264
732570
818516
483295
534787
816768
3671
313026
745355
823797
585281
766440
261801
698433
773307
375073
655344
551869
315001
254533
224721
371783
662531
988593
58095
524687
366177
637039
276574
780494
804835
626996
1213
9111
994570
242434
238765
958597
966742
370542
492269
161300
260589
594236
125780
350988
788773
747750
147498
751000
657070
815228
51362
239349
456415
630501
891704
337798
774171
20739
762723
634628
354144
649652
962808
685266
846316
149621
214747
689390
58380
652962
409122
37572
687170
99929
870983
957661
926738
765308
811850
797940
681065
852692
626337
157993
683691
436435
348317
943119
932311
63346
439387
489440
10777
754169
199203
418512
856045
990749
418784
233662
122731
543683
323772
934663
888563
134755
520664
654133
200309
756488
832421
641685
524125
100083
105058
78886
419738
749983
968178
591597
659018
351584
16153
614118
613380
73381
551827
943253
419649
115996
474961
22266
793319
367092
459664
130082
451956
752574
447640
476122
11715
146541
372943
760767
290302
569532
2807
59953
157409
970158
128459
186086
80806
632241
398641
749018
433235
810972
314395
981860
608540
697431
684352
132644
822133
485466
960371
200793
960249
576462
106013
929807
178416
443023
384604
787317
502592
425747
673718
719053
981555
598628
809339
683388
101281
41737
782647
619329
39802
842819
789073
984514
489074
457843
831172
804866
211465
404953
812855
758768
995382
326711
992058
204313
298991
633428
22495
249084
368920
423772
974195
444542
613446
487076
433496
918900
730542
466124
593664
830878
213422
797309
322248
857908
28728
932754
135471
265815
380887
763284
976689
480042
36511
997341
608836
833466
520757
736477
896238
269336
120248
332603
296641
490568
583243
902611
847860
504466
729409
806046
751968
216949
810531
676591
365524
424635
461664
491098
290453
465640
104274
875631
879285
528844
92969
644964
594574
65016
65398
928785
412956
770253
64534
151892
336692
535408
370489
407764
58661
599769
342990
372131
906986
665355
610637
375037
761608
551326
437280
954477
424330
540600
998319
933263
18967
406042
101255
793456
18285
130070
221734
374225
438076
830431
425381
601931
263457
869817
254402
9484
461565
207887
603785
734399
742514
782051
148511
738634
604474
909343
497323
687665
917859
417099
330145
407512
548523
898328
442348
614501
159283
703641
31096
530564
532131
415057
798425
21188
492443
917607
419611
155422
341457
442486
789543
22230
218508
100417
495438
37947
964668
338820
819637
26056
113715
527653
278301
688301
901188
164297
1038
978663
552055
847172
988896
707852
603494
227496
228902
471715
606775
386238
353463
868399
449078
155667
130522
874573
851021
127081
542029
47411
32291
492431
839538
207064
692239
537227
578263
731762
946168
953971
149345
994907
998667
76763
504212
587725
457239
646120
684929
350220
652168
880451
178636
957091
781886
217321
893528
324358
896009
417056
713746
956438
543363
500740
686871
801988
128330
861376
104963
40525
153881
736280
690199
838883
362883
913378
695686
929068
923467
4565
988444
141603
645602
949689
499339
717725
441790
573374
395220
136934
636691
34473
220687
919562
42096
851881
886230
488303
396473
776520
388884
202143
225341
672573
84965
4260
815475
42398
592618
430796
398102
88050
174573
63692
39514
213028
764587
162945
180745
406484
424898
344337
574783
911816
256440
922032
975614
972672
905573
453247
855023
962279
454719
145743
378422
981733
248768
489987
279472
536913
672374
552082
217868
38532
308647
632428
785219
466953
373982
323444
572277
690096
400342
37356
110818
692866
600386
768111
108225
376910
131511
6999
247808
479330
658999
87614
32857
504150
793179
796130
522830
141314
188508
104162
291137
926863
698942
922021
384562
256171
940825
174874
419925
746838
580293
967897
840911
604954
881633
966568
349901
449687
882304
376218
466753
48508
915697
129619
54010
239058
418474
855654
254815
553202
933328
348639
268616
635671
148838
712860
155258
459982
43023
957654
111740
716618
42689
343742
113690
971540
50184
157122
289846
93215
625524
739886
431813
765433
371745
448431
42541
211550
557025
323828
484281
896423
791176
220205
617079
991008
571987
916149
804591
923446
582261
89356
375232
610831
621440
982653
818136
81140
91501
466783
144271
681641
102600
961846
666529
632734
856058
333817
117446
633086
395188
868974
332592
577956
693430
670322
814689
302829
548793
918997
282214
456936
532863
280673
945651
694506
641653
626171
529692
565759
530049
374435
572782
557243
658030
16598
56296
495086
425650
686931
228633
358965
466456
624634
108439
434029
815182
135311
155033
474371
376717
689886
72114
527655
462432
916921
20267
389151
97044
63709
625659
553912
463675
570739
745445
835607
57244
562738
269550
340909
201594
851297
511930
868233
655807
290234
902722
645639
304454
92714
548852
585766
545538
