2500000 1500 1000
465883 1210
1175882 279
978938 950
1517657 1007
619365 1285
295982 770
959787 388
394336 1194
1899126 212
1619184 110
1478947 1256
2082866 386
1009708 1224
1184282 1109
1019504 1233
553800 502
1565211 935
479171 519
1027227 1357
1673518 1372
2040927 1379
1131881 840
264218 469
638806 690
1820552 320
2449619 589
739091 1349
204220 1376
170257 559
1101277 842
1042674 1325
1723162 281
2194786 438
160494 1279
686186 932
2377679 640
298044 1100
2320277 294
402052 241
777291 277
158401 789
1168208 985
1617575 339
2087243 261
1045448 620
2318821 613
1536036 946
1298586 625
1541979 1045
1733621 1077
2284433 1066
254650 707
544126 1171
1116509 815
2166813 1178
461740 548
1515269 228
5676 171
1414824 1054
1282193 300
2347080 592
310513 199
976424 107
1267698 544
46813 840
180004 1117
807747 536
782463 245
1994993 539
359058 764
2131533 985
1937546 716
912952 1397
1177807 1304
799258 1285
1482555 698
2248172 1040
1736137 481
1859061 704
902136 1172
1990319 965
1032211 315
2302992 314
2202056 502
1507461 1308
1016881 169
2275981 1025
2236080 1215
2245896 1252
632571 1339
30364 126
426162 602
2267602 1333
2354832 800
1385387 1140
2311125 197
1662198 842
281617 810
1081213 584
80268 272
484149 795
2422413 676
936979 1242
2054045 758
249597 1134
2188232 1390
2094689 630
459714 358
1319329 390
2186292 1282
1066734 103
61600 1078
1510357 228
1554763 1189
1731812 484
1153579 988
1089559 607
584741 1344
1194166 1015
2312779 725
1293133 158
1983121 999
563356 717
363940 230
1006495 881
322412 535
304144 1248
1522481 943
876584 577
1013730 606
1057676 398
1412261 1100
1783208 617
162855 1041
1976010 1265
1640466 957
511539 1150
1567579 348
1954644 1028
941 375
1393178 380
257080 245
26454 242
855302 635
715585 147
2207030 1266
765374 1347
2182023 119
1494151 1003
423417 267
961056 150
693959 737
2398392 1050
2033226 533
2163747 909
750986 961
2003919 375
2006606 903
2116913 1117
2404010 140
1568713 574
1338620 1143
1594462 910
1454366 589
2259187 1103
688302 593
1443774 398
468281 742
1605571 927
2227361 656
1787574 353
489267 604
43536 511
1356569 679
1029495 1282
1148921 1074
554994 254
966467 891
131853 400
2382393 880
1150989 215
1233033 808
2468945 821
1180769 747
193385 429
2446173 112
2027976 760
1086825 367
2264640 323
842520 1169
1128444 530
451866 425
2158640 236
2197579 335
195586 436
10108 1090
1451371 1289
1305204 809
261632 1137
2323467 1205
1075136 263
1725953 716
1957145 103
357760 488
2349815 933
1364251 833
730438 201
1162431 1343
1935461 1311
2071242 701
1435451 653
448231 1188
1932470 1245
2406626 257
1667362 1199
1404452 964
1372847 583
726394 491
1926493 516
1590759 705
53730 893
560848 1306
1259007 160
1692633 642
1255896 844
354870 885
1943488 339
439585 840
456320 1068
2358279 375
239122 407
1294621 1293
1396541 713
1192445 1013
1310677 1366
1584091 998
1287066 577
1778012 476
1227228 1267
2088904 1161
56567 444
1919346 360
991162 304
1537605 118
59068 596
2434723 976
2124836 767
2224086 1185
1625845 374
763715 985
2074311 500
1724882 501
643187 143
432365 915
1749617 886
1136313 757
155994 581
617840 921
1322210 930
2044518 485
1652658 447
973040 1335
526962 252
647886 1031
2199443 300
2011052 1234
867009 501
531873 1262
984500 449
928948 389
1400337 250
1205931 1313
1852202 856
1607286 356
1223950 1083
1277852 1397
2025264 388
622661 729
2032058 109
1376082 947
1631681 1272
1036063 511
1463372 1012
515706 429
2308095 948
492332 1322
1920917 277
2023196 323
878262 334
137689 145
208519 763
540908 1215
184024 828
445822 939
1048172 1080
1923557 1105
497688 819
1269821 1306
893595 586
328640 366
2328566 766
521860 527
4943 188
1366585 204
222502 459
993397 1317
2474350 1224
1250461 346
608785 1185
301471 876
383553 1107
2363965 1182
171366 454
69814 603
2440229 308
278046 1308
513852 178
1460652 987
1650543 336
307103 1101
1118343 1280
2133928 1217
288824 378
367997 348
615791 399
987132 478
2176462 950
78216 918
1713986 165
604796 1399
73778 349
1855676 552
186044 437
2314620 795
819283 562
1623287 578
2262465 527
1486087 763
444217 1046
717168 862
948319 524
566477 115
251915 602
1144979 1006
231681 669
293410 1155
1912708 1208
722130 1326
2393219 825
2458531 674
1929829 364
946391 1333
1703443 143
865485 830
105748 1313
924083 767
1156053 447
1892293 1188
1425906 671
361451 486
464162 629
1436801 376
1646009 580
291022 360
2293632 163
501772 1233
1082519 1377
2296137 107
1331833 339
2410514 582
1109680 743
1701263 522
2180199 582
2122980 388
1880213 211
538715 1086
956955 525
1812976 206
2213937 787
635212 1111
342511 110
989794 384
1500225 1360
675963 449
1717073 502
681936 165
1599073 232
770847 1262
1682408 1292
899018 1109
2217082 1010
22154 1363
86613 1390
2432708 708
2097539 883
2192249 481
127566 635
709010 1236
1314735 833
1388073 367
1351207 458
1487525 1350
1833336 853
573944 624
1420558 652
494853 1078
2171660 1273
2030362 686
1216172 1228
1676859 1379
2103145 864
1569908 700
2453021 938
1504257 383
2136742 1389
1221230 763
1649051 750
2360272 997
1821653 493
1764730 1113
610676 235
1719822 1328
2330697 885
846222 179
2454622 1200
774653 1198
2017114 280
2463057 1341
2337897 932
2066858 882
1798829 265
1134815 379
1785038 582
472037 124
64318 566
1545324 644
1391188 811
2143445 488
1091332 940
832061 850
1915899 612
1897137 639
1592314 849
346594 106
953953 1093
917216 766
803320 867
731832 1247
1586805 1388
225490 991
1901620 734
1240661 1271
317537 715
1728115 1068
1468496 1241
1998163 509
187816 721
1986047 1140
1438722 713
50161 460
1335353 716
1753155 1202
1967572 253
2254553 647
820533 599
458459 194
884860 467
1843561 1206
1138870 1395
1208533 841
1755894 1162
547743 207
1449376 1317
753715 1357
1133303 698
2084159 766
258482 1031
2374889 726
1342304 244
1261091 814
1379773 765
922130 619
712998 109
1476489 945
1768656 1371
487493 1063
166018 224
2281249 1237
1705733 751
1528703 166
1946189 1227
1747365 132
1316222 1046
1285379 259
963103 1148
981007 812
1165219 413
879872 265
1861116 683
996537 800
1496369 1340
311544 1275
1927560 1079
919248 1044
570084 833
1789020 257
644442 629
613645 337
98953 954
224274 182
1551685 1257
904643 857
810957 398
2014601 1020
2110941 917
1330039 1122
2421118 303
1910732 497
1658159 1083
1326034 1103
1483770 523
470147 677
509824 360
1039283 873
13801 694
409991 720
1060020 781
336422 482
656104 362
2430932 369
945026 408
1361778 929
2278404 902
2069355 1262
1466716 1244
71177 821
2066002 109
797258 1093
1273381 300
705798 306
1197048 1091
397672 592
1201291 833
141668 779
1105928 829
1643699 1191
839235 466
1816380 374
1000316 1182
550078 1068
2146202 1050
596519 821
942797 831
628882 1375
500762 338
1831673 869
1771601 460
2178462 1011
871793 486
1471904 198
1988142 1260
593069 725
429178 989
1422253 1297
2056142 346
242043 601
2149255 1036
1758851 818
2416636 270
146752 1030
319506 906
1992983 444
662278 291
1596456 288
1781000 185
1334203 308
2151664 638
2447433 639
519930 1150
823323 391
2366655 541
516770 1280
1809251 1125
375739 882
1092791 1106
96643 1011
89284 524
1189330 1313
2289478 572
1532642 992
83263 835
506414 1306
1741414 989
2273672 276
118062 425
129963 1000
371047 524
124752 453
631601 231
826703 235
152959 769
1121642 148
768063 819
1275738 788
793586 916
1103209 845
719784 1125
2080465 569
1539519 1245
1907734 1322
2001381 1146
1004258 1173
387173 369
1398569 651
20449 252
668153 1131
2008511 330
476291 1062
2327328 121
1829783 1108
1576373 961
229462 1112
2339376 563
2461515 965
1099513 1243
1952718 1108
217166 879
415771 944
2219984 140
1905279 805
1791801 958
67482 194
1801514 730
1653644 225
1210810 1343
348285 825
2234786 509
2400833 1332
2272411 162
75523 499
850381 534
2380836 915
2295065 439
2228655 790
590704 221
1383444 603
700875 1001
1581884 1211
2471197 1094
169079 283
2231356 1200
1491812 1103
1664821 1032
2411921 902
2048036 381
891513 665
1429216 474
1970431 610
1574177 1079
2035680 327
178033 1031
858222 571
351071 1093
1699354 644
1113280 1244
139798 720
2099372 1330
678394 1313
1680864 812
246078 1061
2062904 703
334466 856
267184 1064
2241102 1099
227498 1027
1544104 473
1097314 376
338285 1284
32449 1059
2165416 590
1203959 932
1526306 1292
391694 520
1409263 319
442033 331
1562005 1356
1022571 725
2204531 1048
1244326 1352
1962112 1206
568288 803
1344892 891
626285 1001
274354 1098
400754 667
1299999 887
1474972 861
2287882 296
881555 718
92528 337
1790027 1158
2305036 216
1072703 115
772985 184
2297139 1269
650818 813
2408749 732
381679 360
206218 797
1349501 501
341813 175
1427299 901
313396 1285
417244 870
1795313 1215
1882987 1366
1289964 970
588748 633
1050904 1001
420752 100
1263767 1158
829148 604
1622024 253
1578647 614
969376 1251
1033472 111
379506 582
1171206 1303
2395855 397
2127715 1389
806332 232
906653 413
697898 165
220859 453
1530320 287
191529 1135
998776 445
1054202 1311
1549487 895
571828 873
1078272 710
1973216 968
2139643 173
378490 415
862863 769
1125964 953
645959 1353
1839713 898
2369438 902
696661 201
7585 735
761505 893
557615 1206
413990 1246
792042 164
2291988 211
1614392 1283
2119800 1193
94714 1136
1874829 377
115074 396
1067403 199
2222471 463
1804932 408
665322 847
580907 1355
728916 456
1246586 1121
2362351 904
1440406 548
1418633 1286
1519451 692
100702 1222
1711253 509
285817 792
1637154 411
2037367 639
1890290 1214
223483 190
1767602 407
934433 1130
1709141 1223
1941031 106
113187 795
1303388 106
1229122 1052
2212791 390
38639 854
817878 842
1817663 227
120982 835
848588 609
331205 1238
1308133 803
135092 303
2335834 317
1847183 312
2020364 1152
199097 370
673849 930
1025802 329
1960145 1186
868534 999
1869002 470
757290 1257
2173933 790
2413914 136
1871682 968
743283 891
2427994 306
1406905 996
201338 302
1738126 1118
323513 197
51131 538
15455 237
746752 1373
790687 239
1688783 493
1346836 1377
1610533 1284
2060701 433
1850823 713
895465 819
1775001 427
1352632 1363
284366 521
406358 1232
870169 986
2155142 1261
1866084 168
734385 195
1402711 788
909692 996
2389461 1074
577273 1037
1979871 676
119003 751
150033 836
887061 581
2256232 715
482548 787
2046695 550
658344 470
930884 694
473957 1293
2425485 656
324716 1135
1252083 929
108659 490
1814061 1052
1760400 296
1748228 844
1895053 1353
2244679 478
504625 1119
1686417 466
104075 1106
2300840 1071
1237451 1283
873417 514
210715 567
214992 1138
813430 1157
236988 182
1948121 132
835256 1120
600116 1269
1949864 321
779587 651
1235960 203
654440 327
2160082 1269
2386211 536
2051141 405
1886900 1127
41707 819
1696182 199
642032 295
111352 410
1655302 1319
783324 1066
435771 852
1173991 821
2104936 954
270239 1187
939728 415
309101 473
2108114 112
2436620 1183
1824776 637
2208902 1309
599214 161
16680 851
2042 516
2271209 473
1095603 601
1547167 1130
366296 1136
403387 559
18485 734
1122827 332
670958 917
1572536 688
2466273 891
2344683 251
598341 188
659367 429
372777 937
1628799 428
672834 168
684375 633
1358967 1004
901084 409
1457880 417
2417770 794
1602077 1070
815741 1377
607078 878
244483 929
344211 404
1827097 950
2419873 638
1806059 1176
1689789 589
390499 376
528730 1102
2018233 1060
2183888 1347
2353047 223
890462 317
1697298 824
1446272 197
253501 296
2226153 354
233063 1157
2238293 135
1729770 753
1744334 334
2316387 1150
1876198 1381
412743 112
174421 1026
1213878 105
1186799 1154
1964931 390
1627286 480
28882 487
704516 147
602814 1099
927168 1173
2443509 651
1558447 613
787211 669
2140597 1372
524036 1205
1624858 262
1431761 748
2332920 813
455104 277
1070500 525
1762069 1378
1219282 552
1634566 1218
196942 1374
1160198 1273
2251869 759
450392 877
2077603 126
1375126 202
1848959 771
1288168 192
736217 749
44796 1310
1142783 712
859897 775
2168941 660
2113645 733
2341974 615
950601 1357
213393 1043
145062 1019
202985 621
1512699 359
2091027 1173
1862762 1069
1369723 1257
1837048 533
1157285 885
853001 823
1803581 452
1199271 413
691816 452
35212 712
1669796 1275
1062050 255
2058903 837
535864 361
1063328 950
2371893 527
