101,00		1
161,00		2
96,00		2
133,00		2
172,00		2
136,00		1
58,00		1
169,00		1
89,00		1
122,00		1
160,00		1
161,00		1
76,00		1
83,00		1
184,00		1
88,00		1
61,00		1
139,00		1
100,00		1
50,00		1
141,00		1
186,00		1
160,00		3
200,00		3
123,00		3
65,00		3
176,00		3
136,00		3
128,00		3
69,00		3
148,00		3
104,00		3
148,00		3
64,00		3
166,00		3
194,00		3
98,00		3
164,00		4
129,00		4
74,00		4
148,00		4
182,00		4
179,00		4
195,00		4
175,00		4
83,00		4
96,00		4
178,00		4
125,00		4
197,00		4
153,00		5
170,00		5
73,00		5
116,00		5
158,00		5
160,00		5
95,00		5
150,00		5
169,00		5
116,00		5
183,00		5
144,00		5
124,00		6
74,00		6
149,00		6
195,00		6
75,00		6
180,00		6
157,00		6
80,00		6
110,00		6
119,00		6
165,00		6
75,00		6
74,00		6
108,00		6
192,00		7
163,00		7
142,00		7
94,00		7
142,00		7
56,00		7
188,00		7
186,00		7
102,00		8
163,00		8
107,00		8
188,00		8
144,00		8
198,00		8
124,00		8
112,00		8
178,00		8
152,00		8
88,00		8
127,00		8
186,00		8
79,00		8
50,00		8
141,00		8
54,00		8
178,00		8
98,00		8
129,00		8
167,00		8
79,00		8
56,00		8
52,00		8
64,00		8
74,00		8
95,00		9
61,00		9
75,00		9
94,00		9
136,00		9
73,00		9
157,00		9
102,00		9
80,00		9
90,00		9
150,00		9
117,00		9
108,00		10
113,00		10
184,00		10
117,00		10
123,00		10
115,00		10
64,00		10
163,00		10
156,00		11
66,00		11
126,00		11
117,00		11
70,00		11
64,00		11
137,00		11
51,00		11
190,00		11
166,00		11
114,00		11
88,00		11
125,00		11
111,00		11
127,00		11
181,00		11
171,00		11
163,00		11
125,00		12
123,00		12
122,00		12
183,00		12
154,00		12
54,00		12
103,00		12
51,00		12
135,00		12
129,00		12
85,00		12
164,00		12
169,00		12
96,00		12
133,00		12
78,00		12
137,00		12
121,00		13
112,00		13
95,00		13
111,00		13
118,00		13
95,00		13
128,00		13
98,00		13
123,00		13
145,00		13
176,00		13
155,00		13
194,00		13
178,00		13
110,00		13
197,00		13
54,00		13
133,00		14
87,00		14
51,00		14
185,00		14
124,00		14
69,00		14
153,00		14
118,00		14
64,00		14
96,00		14
79,00		14
77,00		15
81,00		15
100,00		15
65,00		15
100,00		15
147,00		15
148,00		15
151,00		15
86,00		15
139,00		15
95,00		15
172,00		16
109,00		16
98,00		16
116,00		16
106,00		16
161,00		16
196,00		16
107,00		16
158,00		16
166,00		16
200,00		16
182,00		16
140,00		16
195,00		16
93,00		16
104,00		16
148,00		16
136,00		16
77,00		16
68,00		16
155,00		16
114,00		17
113,00		17
165,00		17
69,00		17
149,00		17
108,00		17
183,00		17
102,00		17
156,00		17
89,00		17
102,00		17
78,00		17
161,00		17
99,00		17
148,00		17
93,00		17
97,00		17
158,00		17
158,00		17
165,00		17
175,00		18
136,00		18
103,00		18
188,00		18
64,00		18
171,00		18
120,00		18
101,00		18
171,00		18
71,00		18
156,00		18
113,00		18
91,00		18
74,00		18
171,00		18
114,00		18
161,00		18
105,00		18
173,00		18
178,00		18
89,00		18
92,00		18
177,00		18
116,00		18
99,00		18
55,00		18
92,00		18
68,00		18
112,00		18
71,00		18
163,00		18
140,00		18
87,00		18
86,00		18
130,00		18
147,00		18
158,00		19
181,00		19
126,00		19
160,00		19
138,00		19
185,00		19
181,00		19
125,00		19
186,00		19
165,00		19
196,00		19
148,00		19
192,00		19
113,00		19
161,00		19
75,00		19
111,00		19
140,00		19
87,00		19
74,00		19
138,00		19
199,00		19
193,00		19
176,00		19
122,00		19
65,00		19
128,00		19
96,00		19
162,00		19
137,00		19
60,00		19
78,00		20
147,00		20
61,00		20
193,00		20
67,00		20
103,00		20
59,00		20
76,00		20
60,00		20
58,00		20
108,00		21
56,00		21
100,00		21
96,00		21
153,00		21
196,00		21
82,00		21
91,00		21
168,00		21
55,00		21
50,00		21
193,00		21
73,00		21
74,00		21
88,00		22
65,00		22
195,00		22
147,00		22
114,00		22
196,00		22
183,00		22
128,00		22
69,00		22
101,00		22
77,00		22
129,00		22
79,00		22
139,00		22
193,00		23
130,00		23
193,00		23
186,00		23
138,00		23
177,00		23
183,00		23
73,00		23
193,00		23
162,00		21
80,00		21
154,00		21
179,00		21
86,00		21
56,00		21
64,00		21
136,00		21
107,00		21
75,00		21
98,00		21
102,00		21
171,00		21
67,00		21
181,00		24
106,00		24
132,00		24
71,00		24
63,00		24
111,00		24
98,00		24
83,00		24
102,00		24
65,00		24
189,00		24
67,00		24
113,00		24
131,00		24
192,00		24
107,00		24
191,00		24
160,00		6
139,00		6
98,00		6
70,00		6
136,00		6
119,00		6
108,00		6
136,00		6
140,00		6
133,00		6
168,00		6
117,00		6
153,00		6
151,00		6
181,00		6
102,00		6
127,00		6
114,00		50
123,00		50
134,00		50
183,00		50
190,00		50
99,00		50
116,00		50
170,00		50
153,00		50
74,00		50
58,00		50
194,00		51
77,00		51
91,00		51
89,00		51
80,00		51
91,00		51
96,00		51
166,00		51
153,00		51
86,00		51
101,00		51
154,00		51
50,00		51
176,00		51
155,00		51
154,00		51
100,00		51
82,00		52
96,00		52
67,00		52
180,00		52
146,00		52
66,00		52
189,00		52
74,00		52
112,00		52
200,00		52
113,00		52
198,00		52
95,00		52
175,00		52
68,00		52
137,00		52
121,00		52
187,00		52
91,00		52
89,00		52
134,00		53
96,00		53
112,00		53
155,00		53
118,00		53
123,00		53
176,00		53
120,00		53
195,00		53
73,00		53
127,00		53
155,00		53
178,00		54
109,00		54
152,00		54
97,00		54
51,00		54
110,00		54
150,00		54
111,00		54
193,00		54
89,00		54
107,00		54
168,00		54
58,00		54
69,00		54
51,00		54
127,00		54
159,00		54
69,00		54
101,00		54
199,00		54
135,00		54
158,00		55
50,00		55
191,00		55
128,00		55
183,00		55
163,00		55
92,00		55
121,00		55
191,00		55
175,00		55
175,00		55
126,00		55
165,00		56
123,00		56
74,00		56
133,00		56
105,00		56
105,00		56
154,00		56
145,00		56
143,00		56
63,00		56
161,00		56
119,00		56
69,00		56
155,00		56
153,00		17
190,00		17
75,00		17
69,00		17
165,00		17
117,00		17
75,00		17
189,00		17
181,00		17
97,00		17
140,00		17
164,00		17
189,00		17
200,00		17
196,00		57
84,00		57
162,00		57
193,00		57
170,00		57
139,00		57
83,00		57
111,00		57
175,00		57
142,00		57
84,00		57
99,00		57
157,00		57
152,00		57
138,00		58
163,00		58
85,00		58
86,00		58
174,00		58
118,00		58
148,00		58
54,00		22
170,00		22
179,00		22
189,00		22
106,00		22
198,00		22
190,00		21
70,00		21
79,00		21
69,00		21
71,00		21
53,00		21
179,00		21
143,00		21
129,00		21
89,00		21
127,00		21
112,00		21
171,00		21
133,00		21
87,00		59
118,00		59
196,00		59
59,00		59
188,00		59
81,00		59
62,00		59
126,00		59
96,00		59
60,00		59
102,00		59
198,00		59
127,00		59
73,00		37
174,00		37
130,00		37
113,00		37
79,00		37
132,00		37
191,00		37
199,00		37
89,00		37
144,00		37
169,00		37
145,00		37
114,00		37
123,00		37
197,00		68
142,00		68
74,00		68
58,00		68
110,00		68
120,00		68
157,00		68
82,00		68
100,00		68
174,00		68
87,00		68
141,00		68
176,00		68
125,00		68
81,00		68
156,00		68
173,00		68
184,00		68
100,00		68
156,00		68
154,00		68
147,00		68
175,00		68
175,00		58
114,00		58
166,00		58
182,00		58
123,00		69
107,00		69
165,00		69
127,00		69
156,00		69
77,00		69
178,00		69
169,00		69
136,00		69
122,00		69
80,00		69
75,00		69
123,00		69
165,00		69
97,00		69
60,00		69
79,00		69
94,00		69
110,00		69
148,00		69
194,00		69
168,00		69
61,00		70
80,00		70
101,00		70
184,00		70
104,00		70
152,00		70
169,00		70
114,00		70
97,00		70
121,00		70
82,00		70
81,00		70
59,00		70
148,00		70
106,00		70
181,00		21
167,00		21
113,00		21
64,00		21
133,00		21
99,00		21
200,00		21
62,00		21
115,00		21
199,00		21
69,00		21
112,00		21
126,00		21
174,00		21
103,00		76
102,00		76
74,00		76
62,00		76
141,00		76
132,00		76
77,00		76
104,00		76
50,00		76
198,00		76
88,00		76
52,00		76
122,00		76
194,00		76
182,00		76
57,00		76
62,00		76
72,00		76
86,00		76
66,00		76
184,00		76
75,00		76
193,00		76
137,00		76
118,00		76
190,00		76
140,00		76
116,00		76
107,00		76
128,00		76
200,00		76
135,00		76
143,00		76
126,00		76
166,00		76
55,00		76
90,00		76
108,00		76
130,00		76
192,00		76
181,00		77
198,00		77
108,00		77
138,00		77
119,00		77
98,00		77
141,00		77
164,00		77
139,00		77
74,00		77
68,00		77
115,00		77
61,00		77
129,00		77
101,00		77
92,00		77
96,00		77
138,00		77
82,00		77
188,00		77
190,00		77
161,00		77
190,00		77
115,00		77
120,00		77
75,00		77
78,00		77
105,00		77
175,00		77
57,00		77
106,00		58
149,00		58
155,00		58
87,00		58
123,00		58
188,00		58
147,00		58
119,00		58
60,00		58
192,00		58
71,00		58
142,00		58
79,00		58
78,00		58
51,00		58
108,00		58
105,00		58
59,00		58
72,00		58
70,00		58
106,00		58
166,00		58
107,00		58
139,00		58
165,00		58
175,00		58
144,00		58
180,00		58
101,00		58
144,00		58
182,00		58
168,00		58
90,00		58
153,00		58
97,00		58
110,00		58
175,00		58
113,00		58
80,00		58
131,00		58
76,00		58
51,00		58
135,00		58
119,00		58
179,00		58
179,00		58
194,00		58
57,00		58
75,00		58
186,00		58
132,00		58
100,00		58
128,00		58
96,00		58
168,00		58
150,00		58
153,00		58
70,00		58
182,00		58
184,00		58
75,00		58
133,00		58
54,00		58
92,00		58
155,00		58
196,00		58
84,00		58
63,00		58
169,00		58
180,00		58
115,00		58
89,00		58
93,00		58
149,00		58
113,00		58
83,00		58
140,00		58
168,00		58
121,00		58
112,00		58
57,00		58
61,00		78
117,00		78
65,00		78
50,00		78
150,00		78
78,00		78
138,00		78
153,00		78
56,00		78
184,00		78
193,00		78
62,00		78
171,00		78
198,00		78
157,00		78
67,00		78
51,00		79
175,00		79
117,00		79
176,00		79
194,00		79
166,00		79
106,00		79
53,00		79
124,00		79
71,00		80
107,00		80
69,00		80
96,00		80
115,00		80
124,00		80
71,00		80
76,00		80
105,00		80
80,00		80
150,00		80
52,00		80
77,00		80
174,00		80
106,00		80
125,00		80
185,00		80
93,00		80
93,00		80
84,00		80
96,00		80
113,00		80
67,00		80
67,00		80
163,00		80
109,00		80
118,00		41
177,00		41
134,00		41
98,00		41
148,00		41
87,00		41
116,00		41
181,00		41
182,00		41
87,00		41
199,00		41
200,00		41
186,00		41
117,00		41
50,00		81
129,00		81
66,00		81
138,00		81
127,00		81
117,00		81
153,00		81
136,00		81
156,00		81
84,00		81
167,00		81
80,00		81
197,00		81
128,00		81
60,00		81
104,00		81
107,00		81
138,00		81
149,00		81
150,00		81
125,00		81
65,00		81
198,00		81
169,00		81
145,00		81
97,00		81
84,00		81
51,00		81
121,00		81
179,00		81
58,00		81
186,00		81
112,00		82
187,00		82
78,00		82
185,00		82
187,00		82
129,00		82
144,00		82
183,00		82
72,00		82
164,00		82
126,00		82
94,00		82
62,00		82
115,00		82
102,00		82
132,00		82
162,00		82
188,00		82
190,00		82
54,00		82
141,00		82
133,00		82
72,00		82
112,00		82
98,00		82
173,00		82
159,00		82
176,00		82
114,00		82
159,00		82
154,00		82
147,00		82
63,00		82
99,00		82
87,00		82
147,00		82
99,00		82
87,00		82
53,00		82
82,00		82
171,00		82
128,00		82
95,00		82
99,00		82
70,00		82
196,00		82
120,00		82
184,00		82
140,00		82
171,00		82
143,00		82
99,00		82
173,00		83
170,00		83
89,00		83
74,00		83
147,00		83
156,00		83
150,00		83
90,00		83
71,00		83
68,00		83
71,00		83
57,00		83
134,00		83
108,00		83
135,00		84
171,00		84
94,00		84
124,00		84
145,00		84
113,00		84
181,00		84
132,00		84
65,00		84
111,00		84
114,00		84
55,00		84
193,00		84
91,00		84
73,00		84
97,00		84
63,00		84
100,00		84
198,00		84
189,00		84
142,00		84
76,00		84
91,00		84
137,00		84
173,00		84
150,00		84
57,00		84
62,00		84
81,00		84
102,00		84
175,00		84
127,00		84
198,00		84
192,00		84
117,00		84
95,00		84
136,00		84
53,00		84
72,00		84
148,00		84
155,00		84
59,00		84
183,00		84
88,00		84
172,00		85
87,00		85
143,00		85
183,00		85
128,00		85
197,00		85
122,00		85
197,00		85
195,00		85
168,00		85
59,00		85
76,00		85
119,00		85
148,00		85
70,00		85
136,00		85
158,00		85
104,00		85
134,00		85
127,00		85
147,00		85
89,00		85
113,00		85
192,00		85
53,00		86
64,00		86
126,00		86
124,00		86
84,00		86
179,00		86
97,00		86
147,00		86
166,00		86
121,00		86
143,00		86
147,00		86
140,00		86
178,00		86
138,00		86
97,00		86
108,00		27
56,00		27
50,00		27
79,00		27
71,00		27
87,00		27
153,00		27
70,00		27
147,00		27
119,00		27
64,00		27
179,00		27
180,00		27
65,00		27
53,00		27
91,00		27
146,00		27
196,00		27
128,00		27
82,00		27
167,00		27
159,00		27
70,00		27
186,00		27
50,00		27
88,00		27
116,00		27
63,00		27
163,00		27
133,00		27
142,00		27
184,00		27
117,00		81
101,00		81
118,00		81
163,00		81
100,00		81
58,00		81
146,00		81
51,00		81
67,00		81
100,00		81
149,00		81
52,00		81
147,00		81
121,00		81
82,00		81
185,00		81
106,00		87
178,00		87
119,00		87
70,00		87
170,00		87
101,00		87
120,00		87
192,00		87
70,00		87
107,00		87
192,00		87
128,00		87
146,00		54
199,00		54
190,00		54
59,00		54
60,00		54
92,00		54
180,00		54
87,00		54
175,00		54
74,00		54
89,00		54
110,00		54
163,00		54
131,00		88
175,00		88
108,00		88
68,00		88
178,00		88
100,00		88
142,00		88
73,00		88
69,00		88
91,00		88
148,00		88
56,00		88
142,00		88
104,00		88
167,00		88
194,00		88
62,00		88
151,00		88
172,00		88
188,00		88
145,00		88
90,00		88
77,00		88
140,00		88
77,00		88
192,00		88
119,00		88
177,00		88
129,00		88
61,00		88
195,00		88
67,00		88
129,00		88
153,00		88
83,00		88
142,00		88
180,00		88
69,00		88
116,00		88
58,00		88
174,00		88
158,00		88
175,00		89
139,00		89
192,00		89
57,00		89
109,00		89
150,00		89
93,00		89
89,00		89
80,00		89
123,00		89
144,00		89
123,00		89
108,00		89
194,00		90
73,00		90
59,00		90
96,00		90
89,00		90
149,00		90
134,00		90
118,00		90
81,00		90
165,00		90
78,00		90
141,00		90
150,00		90
60,00		90
118,00		90
78,00		90
199,00		90
191,00		90
196,00		90
156,00		90
175,00		90
170,00		90
198,00		90
52,00		90
65,00		90
147,00		90
54,00		90
164,00		90
60,00		90
145,00		90
74,00		90
62,00		90
197,00		90
185,00		90
149,00		90
60,00		90
127,00		90
133,00		90
142,00		90
171,00		90
66,00		90
107,00		90
109,00		90
190,00		90
198,00		90
137,00		90
140,00		90
63,00		90
123,00		90
69,00		90
135,00		90
181,00		90
194,00		90
78,00		90
85,00		90
192,00		90
117,00		90
139,00		90
197,00		90
82,00		90
143,00		90
80,00		90
105,00		90
180,00		90
185,00		90
98,00		90
111,00		90
115,00		90
72,00		90
62,00		90
101,00		90
135,00		90
83,00		90
59,00		90
194,00		90
176,00		90
151,00		90
198,00		90
145,00		90
75,00		90
104,00		90
127,00		90
80,00		90
155,00		90
69,00		90
121,00		90
188,00		90
122,00		90
181,00		90
121,00		90
127,00		90
198,00		90
194,00		90
139,00		90
53,00		90
110,00		90
79,00		90
193,00		90
101,00		90
103,00		90
165,00		90
190,00		90
93,00		90
187,00		90
60,00		90
126,00		90
143,00		90
100,00		90
75,00		90
170,00		90
153,00		90
167,00		90
65,00		90
69,00		90
112,00		90
118,00		90
182,00		90
189,00		90
182,00		90
81,00		90
75,00		90
180,00		90
65,00		90
58,00		90
164,00		90
56,00		90
159,00		90
136,00		90
154,00		90
72,00		90
175,00		90
82,00		90
59,00		90
179,00		90
108,00		90
183,00		90
97,00		90
198,00		90
126,00		90
114,00		90
94,00		90
178,00		90
141,00		90
91,00		90
100,00		90
87,00		90
82,00		90
148,00		90
148,00		90
74,00		90
156,00		90
98,00		90
128,00		90
130,00		90
188,00		90
114,00		90
123,00		90
162,00		90
59,00		90
173,00		90
130,00		90
160,00		90
163,00		90
53,00		90
69,00		90
68,00		90
171,00		90
142,00		90
182,00		90
154,00		90
119,00		90
198,00		90
58,00		90
200,00		90
160,00		90
143,00		90
152,00		90
64,00		90
154,00		90
179,00		90
129,00		90
90,00		90
97,00		90
138,00		90
124,00		90
52,00		90
62,00		90
111,00		90
186,00		90
96,00		90
72,00		90
81,00		90
138,00		90
153,00		90
138,00		90
73,00		90
78,00		90
100,00		90
167,00		90
89,00		90
136,00		90
197,00		90
171,00		90
187,00		90
150,00		90
88,00		90
108,00		90
103,00		90
124,00		90
148,00		90
86,00		90
119,00		90
163,00		90
75,00		91
155,00		91
55,00		91
54,00		91
66,00		91
171,00		91
131,00		91
185,00		91
132,00		91
197,00		91
88,00		91
173,00		91
93,00		91
73,00		91
147,00		91
171,00		91
135,00		91
103,00		91
124,00		91
129,00		91
82,00		92
92,00		92
173,00		92
55,00		92
168,00		92
153,00		92
198,00		92
179,00		92
128,00		92
127,00		92
68,00		92
116,00		92
167,00		92
86,00		92
176,00		92
59,00		92
149,00		92
193,00		92
127,00		92
67,00		92
151,00		92
73,00		92
99,00		92
135,00		92
110,00		92
176,00		92
106,00		92
147,00		92
83,00		92
61,00		92
118,00		92
98,00		92
139,00		93
110,00		93
166,00		93
114,00		93
135,00		93
153,00		93
196,00		93
84,00		93
99,00		93
127,00		93
116,00		93
136,00		93
179,00		93
59,00		94
51,00		94
169,00		94
83,00		94
170,00		94
96,00		94
169,00		94
81,00		94
71,00		94
159,00		94
97,00		94
77,00		94
181,00		94
90,00		94
148,00		94
185,00		94
167,00		94
63,00		95
189,00		95
70,00		95
68,00		95
112,00		95
196,00		95
167,00		95
166,00		95
104,00		95
83,00		95
134,00		46
75,00		46
100,00		46
173,00		46
197,00		46
60,00		46
179,00		46
132,00		46
117,00		46
151,00		46
164,00		46
199,00		46
91,00		46
80,00		46
127,00		96
85,00		96
61,00		96
196,00		96
182,00		96
167,00		96
147,00		96
183,00		96
131,00		96
194,00		96
188,00		96
84,00		96
75,00		97
83,00		97
74,00		97
72,00		97
74,00		97
70,00		97
167,00		97
158,00		97
78,00		97
87,00		97
61,00		97
83,00		97
127,00		97
95,00		97
89,00		98
93,00		98
83,00		98
55,00		98
175,00		98
88,00		98
109,00		98
192,00		98
72,00		98
99,00		98
181,00		98
61,00		98
153,00		98
64,00		98
160,00		98
99,00		98
150,00		52
137,00		52
117,00		52
79,00		52
169,00		52
114,00		52
72,00		52
178,00		52
115,00		52
132,00		52
69,00		52
187,00		52
139,00		52
151,00		52
113,00		52
58,00		22
73,00		22
85,00		22
118,00		22
70,00		22
97,00		22
185,00		22
170,00		22
99,00		22
159,00		22
69,00		22
144,00		22
66,00		22
111,00		22
80,00		22
102,00		22
75,00		22
190,00		22
139,00		22
184,00		22
171,00		22
100,00		22
192,00		22
178,00		22
135,00		22
104,00		22
162,00		22
133,00		22
140,00		22
145,00		22
175,00		22
150,00		22
175,00		22
190,00		22
183,00		22
59,00		22
188,00		22
195,00		22
68,00		22
75,00		22
121,00		22
138,00		22
165,00		22
133,00		22
86,00		22
50,00		22
55,00		22
162,00		22
172,00		22
162,00		22
131,00		22
68,00		22
115,00		22
96,00		22
131,00		22
135,00		22
184,00		22
186,00		22
195,00		22
167,00		22
71,00		22
78,00		22
195,00		22
143,00		22
66,00		22
155,00		22
69,00		22
176,00		22
117,00		22
82,00		22
100,00		22
97,00		22
60,00		22
136,00		22
52,00		22
97,00		22
97,00		22
71,00		22
80,00		22
170,00		22
181,00		22
99,00		22
144,00		22
64,00		22
168,00		22
152,00		22
131,00		22
50,00		22
181,00		22
95,00		22
199,00		22
162,00		22
62,00		22
143,00		22
95,00		99
111,00		99
62,00		99
74,00		99
137,00		99
97,00		99
101,00		99
118,00		99
196,00		99
159,00		99
86,00		99
140,00		99
93,00		99
86,00		99
144,00		99
60,00		99
191,00		99
104,00		99
89,00		99
57,00		99
147,00		99
188,00		99
191,00		99
179,00		99
70,00		99
158,00		99
53,00		99
79,00		99
74,00		99
130,00		99
147,00		99
124,00		100
62,00		100
156,00		100
67,00		100
105,00		100
79,00		100
175,00		100
111,00		100
114,00		100
75,00		100
157,00		100
105,00		100
102,00		100
196,00		100
75,00		100
171,00		101
160,00		101
136,00		101
178,00		101
91,00		101
138,00		101
162,00		101
181,00		101
131,00		101
188,00		101
181,00		101
103,00		101
122,00		101
135,00		101
197,00		101
116,00		101
155,00		101
90,00		101
101,00		101
89,00		101
197,00		101
106,00		101
109,00		101
198,00		101
152,00		101
138,00		101
139,00		101
57,00		101
187,00		102
193,00		102
170,00		102
125,00		102
184,00		102
106,00		102
94,00		102
50,00		102
68,00		102
60,00		102
54,00		103
101,00		103
96,00		103
194,00		103
64,00		103
150,00		103
194,00		103
78,00		103
126,00		103
111,00		103
139,00		103
102,00		103
60,00		103
73,00		103
183,00		103
78,00		103
161,00		103
97,00		103
52,00		104
96,00		104
195,00		104
138,00		104
127,00		104
151,00		104
71,00		104
183,00		104
173,00		104
188,00		104
189,00		104
194,00		104
141,00		104
61,00		104
157,00		104
83,00		104
159,00		104
87,00		104
92,00		105
79,00		105
187,00		105
198,00		105
114,00		105
120,00		105
131,00		105
118,00		105
176,00		105
193,00		105
73,00		50
96,00		50
191,00		50
188,00		50
52,00		50
156,00		50
144,00		50
105,00		50
148,00		50
68,00		50
162,00		50
59,00		50
99,00		50
117,00		50
108,00		50
113,00		50
105,00		50
156,00		50
152,00		50
110,00		50
63,00		50
100,00		50
114,00		50
140,00		50
73,00		50
183,00		50
66,00		50
87,00		50
92,00		50
63,00		50
66,00		50
166,00		50
195,00		50
88,00		50
68,00		50
101,00		50
199,00		50
86,00		50
191,00		50
89,00		50
69,00		50
106,00		50
93,00		50
69,00		50
81,00		50
104,00		50
59,00		50
84,00		50
190,00		50
67,00		50
62,00		50
113,00		50
166,00		50
113,00		50
107,00		50
168,00		50
175,00		50
172,00		50
115,00		50
200,00		50
95,00		50
131,00		50
77,00		50
184,00		50
162,00		50
192,00		50
186,00		50
156,00		50
129,00		50
83,00		50
103,00		50
113,00		50
87,00		50
71,00		50
129,00		50
194,00		50
138,00		50
121,00		50
112,00		50
138,00		50
184,00		50
74,00		50
125,00		50
131,00		50
114,00		50
92,00		50
139,00		50
116,00		50
107,00		50
80,00		50
133,00		50
130,00		50
153,00		50
152,00		50
112,00		50
124,00		50
173,00		50
99,00		50
178,00		50
191,00		50
85,00		50
178,00		68
87,00		68
178,00		68
54,00		68
139,00		68
129,00		68
51,00		68
88,00		68
140,00		68
58,00		68
92,00		68
101,00		68
136,00		68
182,00		68
103,00		42
140,00		42
106,00		42
182,00		42
82,00		42
80,00		42
164,00		42
83,00		42
125,00		42
67,00		42
171,00		42
84,00		42
195,00		42
112,00		42
114,00		42
95,00		42
98,00		42
119,00		42
163,00		42
70,00		42
81,00		42
95,00		42
126,00		42
106,00		42
129,00		42
155,00		42
117,00		106
117,00		106
73,00		106
175,00		106
130,00		106
138,00		106
169,00		106
155,00		106
119,00		106
174,00		106
124,00		106
181,00		106
95,00		106
114,00		106
196,00		106
152,00		108
173,00		108
138,00		108
173,00		108
193,00		108
106,00		108
122,00		108
154,00		108
99,00		108
120,00		108
80,00		108
161,00		108
156,00		109
104,00		109
127,00		109
133,00		109
88,00		109
174,00		109
165,00		109
52,00		109
90,00		109
73,00		109
53,00		109
83,00		109
89,00		109
148,00		109
116,00		109
192,00		109
193,00		109
145,00		110
76,00		110
72,00		110
182,00		110
195,00		110
159,00		110
166,00		110
99,00		110
57,00		110
109,00		110
73,00		110
141,00		110
88,00		110
170,00		110
80,00		110
81,00		110
163,00		110
135,00		110
70,00		110
122,00		110
170,00		110
130,00		110
74,00		110
155,00		110
79,00		110
137,00		110
70,00		110
53,00		110
192,00		110
167,00		111
158,00		111
62,00		111
123,00		111
128,00		111
168,00		111
85,00		111
142,00		111
109,00		111
160,00		111
127,00		111
58,00		111
145,00		111
53,00		111
182,00		111
157,00		112
77,00		112
132,00		112
185,00		112
124,00		112
142,00		112
151,00		112
134,00		112
59,00		112
58,00		112
181,00		112
65,00		112
186,00		112
167,00		112
88,00		113
80,00		113
166,00		113
159,00		113
129,00		113
170,00		113
139,00		113
133,00		113
152,00		113
172,00		113
90,00		113
87,00		113
194,00		113
127,00		113
95,00		113
124,00		113
129,00		113
178,00		113
136,00		113
132,00		113
196,00		113
62,00		113
68,00		113
131,00		113
51,00		113
114,00		113
106,00		113
147,00		113
183,00		113
146,00		113
128,00		113
165,00		113
132,00		113
155,00		113
57,00		113
165,00		113
66,00		113
129,00		113
58,00		113
179,00		113
200,00		113
69,00		113
149,00		113
194,00		113
109,00		113
92,00		113
183,00		113
145,00		113
183,00		113
103,00		114
190,00		114
158,00		114
168,00		114
53,00		114
78,00		114
196,00		114
139,00		114
169,00		114
175,00		114
93,00		114
127,00		114
76,00		114
68,00		114
79,00		114
178,00		114
156,00		114
135,00		114
180,00		114
109,00		114
198,00		115
148,00		115
112,00		115
54,00		115
199,00		115
184,00		115
194,00		115
55,00		115
196,00		115
121,00		115
186,00		115
153,00		115
127,00		116
80,00		116
116,00		116
200,00		116
143,00		116
200,00		116
156,00		116
175,00		116
108,00		116
143,00		116
94,00		116
109,00		116
53,00		116
77,00		116
159,00		117
57,00		117
107,00		117
109,00		117
120,00		117
93,00		117
107,00		117
97,00		117
169,00		117
195,00		117
179,00		118
133,00		118
181,00		118
157,00		118
176,00		118
65,00		118
179,00		118
118,00		118
79,00		118
190,00		118
63,00		118
101,00		118
132,00		118
131,00		118
149,00		118
136,00		118
65,00		118
80,00		118
101,00		118
161,00		118
90,00		118
55,00		118
50,00		118
120,00		118
55,00		118
117,00		118
151,00		118
83,00		118
106,00		118
119,00		118
187,00		118
61,00		118
124,00		118
197,00		118
93,00		118
105,00		118
63,00		118
161,00		118
159,00		118
169,00		118
138,00		118
173,00		118
193,00		118
126,00		118
106,00		118
151,00		118
173,00		118
149,00		118
173,00		118
158,00		118
113,00		118
152,00		118
130,00		118
137,00		118
82,00		118
84,00		118
165,00		118
165,00		118
78,00		118
73,00		118
74,00		118
58,00		118
167,00		118
111,00		118
76,00		118
173,00		118
59,00		118
134,00		100
173,00		100
170,00		100
156,00		100
155,00		100
147,00		100
132,00		100
100,00		100
93,00		100
71,00		100
180,00		100
110,00		100
172,00		100
71,00		120
178,00		120
101,00		120
126,00		120
95,00		120
98,00		120
196,00		120
111,00		120
100,00		120
147,00		121
99,00		121
188,00		121
140,00		121
198,00		121
162,00		121
167,00		121
126,00		121
68,00		121
145,00		121
134,00		121
144,00		121
163,00		121
111,00		121
88,00		121
196,00		121
129,00		51
179,00		51
181,00		51
83,00		51
77,00		51
144,00		51
186,00		51
136,00		51
108,00		51
144,00		51
174,00		51
107,00		51
107,00		51
120,00		51
138,00		51
92,00		51
81,00		51
101,00		51
183,00		51
103,00		51
111,00		51
67,00		51
69,00		51
106,00		51
54,00		51
95,00		51
161,00		51
87,00		51
74,00		122
157,00		122
77,00		122
189,00		124
161,00		124
174,00		124
95,00		124
59,00		124
129,00		124
176,00		124
196,00		124
122,00		124
153,00		124
130,00		124
102,00		124
154,00		124
138,00		124
159,00		124
101,00		124
115,00		124
89,00		124
183,00		124
61,00		124
165,00		124
187,00		124
180,00		124
63,00		124
92,00		124
140,00		122
111,00		122
79,00		122
126,00		122
193,00		122
117,00		122
80,00		122
149,00		122
126,00		124
190,00		124
143,00		124
143,00		124
166,00		124
120,00		124
79,00		124
55,00		124
121,00		124
128,00		124
159,00		124
54,00		124
140,00		124
133,00		124
70,00		124
107,00		124
63,00		125
54,00		125
155,00		125
189,00		125
108,00		125
186,00		125
92,00		125
118,00		125
105,00		125
96,00		125
150,00		126
197,00		126
84,00		126
177,00		126
87,00		126
192,00		126
93,00		126
183,00		126
105,00		126
149,00		126
198,00		126
167,00		126
113,00		126
179,00		126
113,00		127
54,00		127
137,00		127
143,00		127
166,00		127
141,00		127
140,00		127
101,00		127
144,00		127
162,00		127
143,00		127
59,00		127
154,00		127
70,00		127
115,00		127
99,00		127
90,00		127
136,00		127
72,00		127
69,00		127
105,00		127
175,00		127
190,00		127
130,00		127
55,00		127
121,00		127
99,00		127
110,00		127
132,00		127
136,00		127
178,00		127
125,00		127
187,00		127
153,00		127
135,00		127
200,00		127
110,00		127
124,00		127
51,00		127
53,00		127
86,00		127
149,00		127
95,00		127
175,00		127
191,00		127
159,00		127
115,00		127
108,00		127
151,00		128
149,00		128
135,00		128
136,00		128
97,00		128
115,00		128
184,00		128
102,00		128
198,00		128
100,00		128
116,00		128
144,00		128
130,00		128
82,00		128
120,00		59
150,00		59
127,00		59
118,00		59
52,00		59
175,00		59
107,00		59
151,00		59
141,00		59
85,00		59
139,00		59
146,00		59
94,00		59
75,00		59
117,00		100
193,00		100
193,00		100
157,00		100
160,00		100
163,00		100
67,00		100
79,00		100
183,00		100
63,00		100
116,00		100
131,00		100
149,00		100
92,00		100
128,00		100
56,00		130
61,00		130
86,00		130
71,00		130
68,00		130
167,00		130
163,00		130
85,00		130
136,00		130
200,00		130
196,00		130
187,00		130
165,00		130
142,00		130
188,00		130
161,00		130
63,00		130
187,00		130
62,00		130
62,00		130
50,00		130
80,00		130
186,00		130
84,00		131
128,00		131
70,00		131
139,00		131
116,00		131
176,00		131
118,00		131
126,00		131
130,00		131
86,00		131
163,00		131
188,00		131
105,00		131
112,00		131
129,00		131
50,00		131
81,00		131
198,00		131
147,00		131
50,00		131
198,00		131
185,00		131
97,00		131
87,00		131
149,00		131
68,00		131
50,00		131
72,00		131
125,00		131
87,00		131
99,00		131
71,00		131
155,00		131
189,00		131
61,00		132
163,00		132
86,00		132
69,00		132
137,00		132
93,00		132
68,00		132
198,00		132
88,00		132
109,00		132
105,00		132
174,00		132
179,00		132
66,00		132
81,00		132
126,00		132
72,00		132
197,00		53
184,00		53
185,00		53
194,00		53
126,00		53
94,00		53
148,00		53
97,00		53
56,00		53
137,00		133
73,00		133
92,00		133
92,00		133
123,00		133
109,00		133
94,00		133
191,00		133
58,00		133
187,00		133
190,00		134
185,00		134
150,00		134
148,00		134
164,00		134
68,00		134
169,00		134
199,00		134
194,00		134
50,00		134
136,00		134
143,00		134
144,00		135
161,00		135
64,00		135
130,00		135
180,00		135
153,00		135
97,00		135
109,00		135
113,00		135
96,00		135
159,00		135
90,00		136
153,00		136
181,00		136
196,00		136
76,00		136
66,00		136
87,00		136
61,00		137
133,00		137
93,00		137
71,00		137
111,00		137
62,00		137
121,00		137
185,00		137
60,00		137
189,00		137
142,00		137
69,00		137
192,00		137
186,00		137
131,00		137
111,00		137
108,00		137
164,00		137
66,00		137
111,00		138
100,00		138
104,00		138
116,00		138
163,00		138
71,00		138
171,00		138
78,00		138
50,00		138
156,00		138
50,00		138
153,00		138
154,00		138
94,00		138
163,00		138
117,00		138
193,00		138
58,00		138
177,00		139
91,00		139
179,00		139
175,00		139
194,00		139
98,00		139
82,00		139
116,00		139
141,00		139
176,00		139
144,00		139
62,00		139
111,00		139
152,00		139
116,00		139
65,00		139
127,00		139
120,00		139
170,00		139
58,00		139
56,00		139
139,00		139
195,00		139
69,00		139
70,00		139
181,00		139
163,00		139
108,00		139
107,00		139
50,00		139
187,00		140
54,00		140
83,00		140
85,00		140
61,00		140
71,00		140
121,00		140
105,00		140
91,00		140
194,00		140
64,00		140
73,00		141
123,00		141
93,00		141
190,00		141
196,00		141
162,00		141
198,00		141
163,00		141
74,00		141
76,00		141
109,00		141
113,00		141
186,00		141
108,00		141
191,00		142
185,00		142
107,00		142
199,00		142
171,00		142
148,00		142
180,00		142
168,00		142
151,00		142
129,00		142
180,00		142
96,00		142
72,00		142
159,00		142
85,00		142
133,00		142
188,00		142
170,00		142
66,00		142
194,00		142
89,00		142
109,00		142
65,00		142
121,00		142
148,00		142
170,00		142
180,00		142
114,00		142
81,00		142
124,00		142
160,00		142
154,00		142
126,00		142
122,00		142
176,00		142
161,00		142
129,00		142
91,00		142
178,00		142
135,00		142
182,00		142
179,00		143
106,00		143
178,00		143
194,00		143
146,00		143
96,00		143
196,00		143
138,00		143
106,00		143
59,00		143
139,00		143
127,00		143
101,00		143
111,00		143
109,00		143
194,00		143
122,00		143
81,00		143
149,00		143
99,00		143
51,00		143
133,00		143
102,00		143
142,00		143
68,00		143
183,00		143
150,00		144
59,00		144
110,00		144
103,00		144
103,00		144
151,00		144
174,00		144
149,00		144
74,00		144
92,00		144
168,00		144
143,00		144
128,00		144
96,00		144
146,00		144
123,00		144
152,00		144
139,00		144
196,00		144
75,00		144
189,00		145
116,00		145
70,00		145
113,00		145
167,00		145
106,00		145
103,00		145
167,00		145
103,00		145
124,00		145
161,00		145
93,00		145
199,00		145
140,00		145
137,00		145
156,00		145
153,00		145
62,00		145
97,00		145
151,00		145
69,00		145
199,00		145
195,00		145
59,00		145
119,00		145
173,00		145
153,00		145
126,00		145
179,00		145
169,00		145
71,00		146
117,00		146
120,00		146
57,00		146
53,00		146
75,00		146
145,00		146
95,00		146
136,00		146
98,00		146
176,00		146
144,00		146
84,00		146
113,00		146
170,00		146
100,00		146
188,00		146
160,00		146
67,00		146
147,00		146
100,00		146
157,00		146
166,00		146
80,00		146
85,00		146
97,00		146
186,00		146
88,00		146
176,00		146
131,00		146
193,00		146
176,00		146
141,00		146
55,00		146
175,00		146
197,00		146
119,00		146
53,00		146
142,00		147
148,00		147
140,00		147
147,00		147
79,00		147
93,00		147
119,00		147
63,00		147
196,00		147
174,00		147
114,00		147
61,00		147
70,00		147
106,00		147
148,00		147
176,00		147
69,00		147
164,00		147
174,00		147
88,00		147
178,00		148
96,00		148
94,00		148
174,00		148
156,00		148
142,00		148
87,00		148
117,00		148
73,00		148
197,00		148
84,00		148
185,00		148
109,00		148
167,00		148
165,00		148
183,00		148
71,00		148
147,00		148
157,00		149
81,00		149
128,00		149
176,00		149
103,00		149
166,00		149
195,00		149
129,00		149
119,00		149
88,00		149
180,00		149
111,00		149
195,00		149
91,00		149
85,00		149
132,00		149
191,00		149
110,00		149
131,00		149
78,00		149
120,00		149
168,00		149
140,00		149
188,00		149
51,00		149
74,00		149
161,00		149
78,00		149
161,00		149
64,00		149
171,00		149
103,00		149
151,00		149
172,00		149
70,00		149
171,00		149
83,00		149
197,00		149
104,00		149
194,00		149
92,00		149
119,00		149
184,00		149
77,00		149
165,00		149
190,00		149
88,00		149
104,00		149
52,00		149
130,00		149
62,00		149
177,00		149
191,00		149
180,00		149
118,00		149
165,00		149
87,00		149
113,00		149
183,00		149
143,00		149
197,00		149
198,00		149
50,00		149
145,00		149
72,00		149
164,00		149
187,00		149
113,00		149
140,00		149
165,00		150
133,00		150
78,00		150
157,00		150
180,00		150
128,00		150
101,00		150
104,00		150
128,00		150
159,00		150
145,00		150
162,00		150
196,00		150
112,00		150
119,00		150
132,00		150
158,00		150
52,00		150
111,00		150
72,00		150
68,00		150
199,00		150
99,00		150
107,00		150
104,00		150
93,00		150
133,00		150
147,00		150
142,00		150
67,00		150
110,00		150
88,00		150
60,00		150
196,00		150
71,00		150
68,00		150
150,00		150
70,00		150
197,00		150
197,00		150
155,00		150
87,00		150
174,00		150
60,00		150
197,00		150
155,00		150
123,00		150
125,00		150
189,00		150
184,00		150
59,00		150
161,00		150
178,00		150
57,00		150
181,00		150
66,00		150
115,00		150
171,00		150
60,00		150
174,00		150
190,00		150
90,00		150
103,00		150
115,00		150
164,00		150
78,00		150
72,00		150
141,00		150
186,00		150
88,00		150
91,00		150
150,00		150
117,00		150
80,00		150
129,00		150
149,00		150
168,00		150
165,00		150
52,00		150
122,00		150
187,00		150
178,00		150
139,00		150
179,00		150
135,00		150
77,00		150
74,00		150
122,00		150
149,00		150
184,00		150
183,00		150
67,00		150
88,00		150
97,00		150
146,00		150
115,00		150
102,00		150
57,00		150
81,00		150
119,00		150
169,00		150
69,00		150
147,00		150
200,00		150
153,00		150
89,00		150
78,00		150
113,00		150
136,00		150
150,00		150
71,00		150
66,00		150
110,00		151
143,00		151
184,00		151
126,00		151
85,00		151
174,00		151
132,00		151
183,00		151
159,00		151
193,00		151
85,00		151
68,00		151
137,00		151
68,00		151
197,00		152
55,00		152
160,00		152
136,00		152
159,00		152
78,00		152
104,00		152
175,00		152
135,00		152
81,00		152
188,00		152
136,00		152
67,00		152
193,00		152
146,00		152
101,00		152
120,00		152
161,00		152
54,00		152
160,00		152
66,00		152
136,00		152
97,00		152
136,00		152
118,00		152
132,00		152
162,00		152
167,00		152
177,00		152
165,00		152
98,00		152
77,00		152
132,00		152
64,00		152
183,00		152
95,00		152
125,00		152
68,00		152
195,00		152
196,00		152
72,00		152
177,00		152
63,00		152
77,00		152
175,00		152
151,00		152
103,00		152
52,00		152
169,00		152
121,00		152
189,00		152
70,00		152
70,00		153
159,00		153
65,00		153
197,00		153
143,00		153
93,00		153
109,00		153
91,00		153
128,00		153
149,00		153
67,00		153
194,00		153
138,00		153
90,00		72
63,00		72
152,00		72
199,00		72
103,00		72
156,00		72
65,00		72
83,00		72
167,00		72
105,00		72
161,00		72
110,00		72
192,00		72
141,00		72
145,00		72
103,00		100
198,00		100
63,00		100
55,00		100
73,00		100
150,00		100
62,00		100
129,00		100
198,00		100
156,00		100
102,00		100
128,00		100
82,00		100
56,00		100
196,00		155
157,00		155
79,00		155
52,00		155
159,00		155
190,00		155
129,00		155
55,00		155
119,00		155
119,00		155
189,00		155
145,00		155
110,00		155
159,00		155
155,00		155
176,00		155
155,00		155
137,00		155
169,00		155
88,00		149
69,00		148
72,00		148
61,00		148
107,00		149
157,00		149
93,00		148
151,00		156
181,00		156
188,00		156
190,00		156
139,00		156
118,00		156
55,00		156
195,00		156
95,00		156
121,00		156
183,00		156
186,00		156
87,00		156
143,00		156
190,00		156
80,00		156
143,00		156
130,00		156
199,00		156
183,00		156
57,00		156
82,00		156
128,00		156
168,00		156
100,00		156
94,00		156
153,00		156
58,00		156
160,00		156
161,00		156
166,00		156
85,00		156
174,00		156
198,00		156
108,00		156
60,00		156
140,00		156
74,00		156
83,00		156
53,00		156
189,00		156
173,00		156
155,00		156
143,00		156
99,00		156
86,00		156
87,00		156
197,00		156
152,00		156
129,00		156
121,00		156
168,00		148
158,00		149
180,00		157
71,00		158
76,00		158
65,00		158
181,00		158
195,00		158
86,00		158
61,00		158
112,00		158
199,00		158
128,00		158
50,00		158
104,00		158
189,00		158
54,00		158
124,00		158
152,00		158
153,00		158
50,00		158
151,00		158
82,00		158
65,00		158
151,00		158
166,00		158
145,00		158
126,00		159
128,00		149
91,00		149
154,00		150
90,00		150
81,00		150
116,00		150
198,00		150
129,00		150
74,00		150
109,00		150
143,00		150
68,00		150
180,00		150
92,00		150
96,00		150
70,00		150
156,00		150
128,00		150
133,00		150
58,00		150
129,00		150
138,00		150
140,00		150
168,00		150
132,00		150
148,00		114
75,00		114
66,00		114
155,00		114
174,00		114
139,00		114
155,00		114
57,00		114
171,00		114
116,00		114
107,00		114
124,00		114
108,00		179
74,00		179
192,00		179
72,00		179
92,00		179
77,00		179
183,00		179
108,00		179
199,00		179
116,00		179
74,00		179
193,00		179
112,00		180
102,00		180
90,00		180
53,00		180
139,00		180
148,00		180
109,00		180
155,00		180
137,00		180
135,00		180
108,00		180
89,00		180
166,00		180
158,00		180
53,00		180
129,00		180
58,00		180
200,00		180
78,00		180
139,00		36
148,00		36
119,00		36
164,00		36
125,00		36
162,00		36
120,00		36
87,00		36
189,00		36
164,00		36
128,00		36
131,00		36
104,00		36
54,00		36
103,00		36
155,00		36
78,00		36
58,00		196
60,00		149
166,00		149
192,00		149
132,00		149
141,00		149
173,00		149
105,00		149
97,00		149
148,00		149
194,00		149
177,00		149
80,00		149
147,00		197
178,00		197
114,00		198
55,00		199
171,00		200
126,00		198
109,00		200
169,00		201
87,00		202
65,00		199
106,00		203
65,00		149
124,00		149
181,00		149
54,00		149
153,00		149
179,00		204
140,00		204
141,00		204
135,00		204
51,00		204
191,00		204
135,00		204
82,00		204
61,00		204
145,00		204
51,00		205
115,00		205
101,00		205
139,00		205
78,00		205
80,00		205
194,00		205
107,00		205
65,00		205
98,00		205
168,00		205
95,00		205
50,00		205
92,00		205
147,00		8
181,00		8
183,00		8
155,00		8
158,00		8
126,00		8
69,00		8
115,00		8
60,00		8
125,00		8
59,00		8
52,00		8
95,00		8
75,00		8
177,00		206
56,00		207
128,00		208
65,00		209
50,00		210
64,00		211
96,00		212
94,00		213
81,00		214
148,00		215
120,00		216
147,00		217
122,00		218
113,00		219
103,00		220
126,00		221
125,00		222
191,00		223
132,00		224
70,00		225
199,00		226
139,00		227
92,00		228
194,00		229
183,00		230
51,00		156
147,00		156
114,00		231
83,00		232
86,00		233
143,00		234
51,00		235
126,00		236
158,00		237
75,00		238
54,00		214
63,00		240
61,00		241
62,00		242
85,00		243
80,00		244
187,00		245
163,00		226
114,00		245
119,00		246
59,00		247
126,00		208
64,00		248
155,00		249
172,00		250
98,00		251
168,00		248
166,00		252
157,00		252
163,00		252
175,00		252
165,00		252
84,00		252
113,00		252
59,00		252
98,00		252
152,00		252
178,00		252
144,00		252
121,00		252
126,00		252
185,00		252
87,00		252
161,00		252
99,00		252
195,00		252
191,00		252
56,00		252
76,00		252
69,00		252
178,00		253
132,00		254
127,00		255
85,00		256
88,00		257
194,00		258
67,00		259
193,00		260
65,00		261
192,00		262
173,00		263
56,00		264
88,00		265
59,00		248
184,00		247
53,00		266
162,00		267
106,00		268
61,00		269
179,00		270
195,00		271
161,00		226
80,00		272
133,00		273
94,00		274
90,00		275