3000
83122
22255
81032
70319
18884
42931
62086
102817
71540
117273
80258
32776
97276
15901
94117
33882
98420
65997
52610
76483
99049
9923
11552
56998
2366
64060
704
110723
10752
111774
35284
44088
52062
19140
23637
20025
42332
37740
46010
15332
11394
115335
72930
61084
111038
109637
52456
22507
38742
48280
33835
15557
11703
64600
19849
67677
51975
17074
28430
1399
112512
42435
17987
24948
61136
17552
70945
40415
22143
79324
42952
19052
55506
101395
56990
45190
53370
105001
53211
91424
95371
68751
3200
48702
48880
92025
22755
46334
104644
97700
111064
114696
7088
57733
110939
101992
83818
60566
74970
6342
112079
103675
50672
114354
65404
84079
59091
93228
41754
31612
98621
58101
61902
5963
60154
7588
97209
44424
15199
88854
109139
80041
68126
2118
87377
1560
53949
74060
3910
66571
38071
88333
111661
26193
96865
11851
69962
103527
81359
110865
96840
62038
1968
40227
44562
110014
69652
98296
59612
67659
82403
71173
95958
114135
106489
2981
93547
6936
66670
12317
100269
25035
109721
116686
90184
60879
59053
107166
9512
34013
57854
112539
51039
38224
25463
30546
28763
98701
91043
87072
36929
38077
27684
84234
69354
51956
27305
100796
63264
7519
32543
41967
113558
100720
15827
13776
72494
52915
104024
110842
98076
20871
20371
80176
4896
97144
24237
81746
32193
94213
53132
21333
73973
106433
13395
79968
57488
86372
44017
83896
38789
109125
1554
110720
60012
82770
115268
103230
85832
83405
105228
66952
105767
64049
14647
54419
17147
77862
63759
9711
41001
79718
116769
87744
84583
26304
94500
109932
21117
36614
27825
17640
8603
72221
3530
39153
86049
97905
68577
58893
18761
100711
31296
86527
97791
88169
109563
87038
47655
102490
107297
4377
34371
54548
50123
13036
50273
70041
99485
16289
78299
69044
17720
106215
53951
75829
18172
90894
89013
91668
111478
67929
105605
53444
63967
39306
76534
109736
92422
108957
63754
7139
7001
81078
63963
82674
47841
54927
70220
87190
55350
98130
72123
88969
28834
79419
103915
16325
46625
114518
29163
109015
89388
84165
10503
4967
2820
101389
46898
28917
82084
34056
96993
16840
6309
60644
108352
23158
39380
39829
46823
90087
111015
30359
10146
91667
87320
95529
17522
34098
112425
39556
47762
11638
6265
100663
51139
65270
75611
55507
103635
79075
41612
114220
115564
62916
107882
106664
89320
23613
37168
32008
79738
67505
31837
108221
30944
102575
81009
37974
28117
102798
27186
55968
43213
35922
76344
92624
31809
41234
65637
79805
51122
50161
100678
21871
23691
81271
51625
5400
38109
32432
81435
101015
84931
70638
56185
19978
92504
19932
35769
106053
84879
48382
106439
49477
81919
46616
99445
105528
43331
61196
24832
24426
40599
28121
98897
105515
100467
75621
46037
45396
100588
18414
2119
73462
95903
6039
36042
33083
50537
45661
50180
47333
22213
91809
40531
20825
115817
11385
97168
8174
110143
7332
30246
21983
5241
106567
100633
48303
87297
82858
49399
1328
4033
29410
40850
4076
105461
50664
19755
53795
102712
27773
104894
60820
87801
52498
101810
109049
30513
41669
102870
77924
70824
41081
30964
89949
16592
30974
100515
80697
33311
68008
24047
58976
68692
83412
19416
66680
54668
68960
57562
103358
112826
3831
100521
19628
104518
86189
47575
23076
110240
59134
37230
90773
97270
109457
17960
87950
62166
21434
30606
89194
7801
94898
79035
17567
76034
80475
78129
82713
97104
73830
519
26759
25044
15032
52976
115299
34299
101329
71140
113935
41377
111954
94971
89075
19668
104354
69971
83176
6276
59948
69563
91602
28622
19750
109251
68433
95370
3444
21437
98512
15529
61614
53686
13140
49706
97360
78943
29210
107989
76583
100942
104860
44802
110710
20335
66109
83063
10966
56230
74889
54814
116791
103149
27001
54221
76002
72872
58047
86763
30215
80773
106917
11420
71710
62034
83228
54903
41126
46380
101893
22323
110380
48358
52850
13471
72953
117022
34857
62992
13039
43959
66337
34500
115273
19023
24348
111649
107689
51885
43330
83781
75992
96152
46121
46270
116562
110031
75356
90666
13573
52475
58945
89082
99358
48820
66631
69476
33514
17904
63603
67335
8490
20285
65699
39213
59941
55384
8060
56013
41599
18009
50305
39961
25122
107099
13781
27574
14307
30041
54823
45551
18004
81817
91878
16939
68704
85798
111078
67093
65186
62977
49828
65943
29053
80881
54033
106731
28620
7168
84930
106139
50587
110518
66930
75048
11128
1358
109580
26022
16915
66637
19757
54823
17997
102234
72757
66319
80779
43577
96799
93393
26369
92182
73779
100338
85330
81046
115636
21573
92180
7982
62642
51077
94424
10368
42066
2190
109356
39336
111480
20505
117599
66959
67136
75462
75546
9752
38899
34187
73233
51378
75076
114958
39388
68698
47939
71266
36735
82982
61348
455
102937
12196
10363
48882
96004
52436
112799
106624
59366
32466
108718
63004
33639
29091
23459
99519
115914
63565
14340
95566
13026
34915
55918
27964
66190
185
4680
36116
24548
68237
47455
1573
104067
84378
8218
57075
82639
64044
117112
41413
63723
62592
85356
964
56988
57922
42110
37820
35366
61461
90657
112039
42973
69792
69671
62700
11391
112830
11377
71944
92808
23355
58493
55176
63931
81677
53857
6625
113207
44172
83790
35464
6774
40342
20059
49618
19877
82345
18028
5091
1324
52265
74687
16916
32052
83994
15788
34511
110082
98686
48230
93661
104245
3288
41836
4343
69418
50391
32104
105030
57875
38016
38309
67500
43735
94061
23355
40442
25385
73646
59382
24048
13233
42464
75861
19929
116841
115383
73587
30416
94759
49076
114626
31506
76375
1465
68345
32930
37492
14462
46608
96873
53044
52134
54230
18519
55923
9728
10209
94897
21214
97961
21709
42845
22086
113649
15042
93984
83176
17179
36
67421
43782
69397
104668
86125
48596
17769
8691
110604
18584
66497
113686
88220
35641
19377
45083
88366
77318
58489
115176
31311
14988
86516
56764
99327
44836
51494
80506
87791
42649
62285
92279
61717
1835
26521
83770
42917
106797
78407
101385
104399
35773
93938
76846
10032
27684
49766
85888
64317
11121
40457
53244
98555
3063
38699
82556
58243
68337
105274
19372
99561
46219
39686
116290
62362
31121
14905
8230
54235
211
93809
35766
6908
58845
6814
76688
30216
111567
72528
43197
18357
115867
22918
3508
29002
4075
58224
104057
23131
59532
33939
85669
28069
30117
61093
19012
44349
39472
71398
34064
46536
4463
110082
69166
69084
36206
107254
98475
64018
12835
24596
31199
100379
27568
102889
103454
22815
85752
71508
79629
73541
9998
17282
86255
6589
46684
19829
75747
39439
77545
73884
75048
20339
26
116903
23993
46160
16034
77228
39288
102376
103725
88535
77578
42638
107157
92495
90811
13398
9976
92114
109492
52359
68628
115664
88917
107813
59286
81367
65741
76155
114436
5074
48612
80046
39632
12415
6376
96918
22586
36457
1292
33944
79140
44509
104237
104162
50055
1762
75838
85250
105657
15086
17687
80603
9285
20906
43471
44832
88372
11380
5620
534
9610
10212
24656
2066
109601
815
79485
78311
20989
84745
59517
84740
67885
42020
41421
51565
44890
108586
815
8815
27223
92439
111123
115294
70431
58724
8749
71111
54223
87282
112335
1265
870
45848
5021
88303
57661
9837
11130
69807
31243
95186
64084
42425
71347
77296
43832
114227
78531
68608
89701
3490
33662
38501
30998
71717
110224
68050
107484
89186
116650
98580
63073
84954
43838
12760
91477
81571
22018
48021
91301
9254
35476
69274
93171
4966
25684
29659
53175
109139
32833
107912
110062
70110
98204
106181
52179
19483
50716
59296
96662
82456
94989
89389
73785
76089
62375
36925
61945
114643
79541
112681
85584
18648
107713
68810
70750
4816
99138
76263
99927
91730
16774
3523
21445
98349
35694
94294
47128
692
56368
33867
92503
98910
57806
107584
51701
7303
116091
113895
20890
51271
13282
6882
19486
68342
47763
77379
25727
42644
13980
30552
49047
66341
103970
40918
113037
33799
78488
103798
4072
71313
58142
12014
43953
6301
113920
36767
81308
85170
78014
29801
24144
43648
73384
65811
64866
10945
17353
112231
19366
37619
19046
28199
115695
55581
83968
106302
58770
84449
28643
27490
38745
16156
74833
25044
10440
57960
110300
3136
65910
114785
61813
35721
36148
96381
10942
64675
34695
7510
87106
31897
110102
85453
30318
17849
66111
12984
49244
2071
96221
96534
63109
58421
10897
111869
82234
78849
10287
112351
8242
99855
15729
72980
77098
13174
53202
65831
75216
87107
90457
78582
86967
113202
36957
53996
40894
93350
27121
107416
3266
97625
78081
28253
80407
51257
37741
13760
83977
74626
16998
19625
54730
99426
21312
97538
87746
6095
20741
66876
111340
40284
84314
75298
51812
7667
100737
17254
59718
58387
13730
71767
27694
60941
63731
38455
28076
71645
39007
41430
77013
16968
9357
102420
88812
62089
68545
92204
91173
50231
67560
76793
104376
5811
16284
87800
113184
85516
15945
26303
17919
78211
99254
12794
22327
94898
385
64955
93474
14250
41946
5321
45123
34593
44813
88106
117070
101251
98042
40048
33550
108537
64514
77776
2905
84742
64050
5167
59686
69877
57472
55081
10674
35125
63566
1678
1564
97360
8171
93765
11845
37288
29417
105148
18823
81727
62459
111746
78854
12152
5083
21948
62939
41089
104385
112600
96747
96318
23237
69645
94309
45030
99699
109590
51893
106004
105875
102468
96120
21527
50817
110382
52084
29414
105737
21762
52075
101391
112494
53919
60779
57115
113376
84126
69630
34963
28116
3695
59182
9424
100347
46120
110071
69885
63443
18924
74974
90714
113274
86593
111755
107551
44210
90283
28107
17335
104241
84878
9087
63191
21296
103042
93554
88382
64132
33105
87205
2317
113548
12490
57866
28417
53349
8920
56893
84672
51421
25189
70852
86437
98439
95425
15633
22558
27062
109989
38743
24606
107502
27760
65040
106859
37701
83393
103111
96861
12086
4817
116690
56538
62193
23629
20163
4609
41423
56605
84118
51894
54237
100272
98192
81197
13419
103395
41187
47209
64106
93623
14029
39299
44614
103685
113196
49240
19488
106837
59868
9463
59820
70191
63335
77078
114618
72184
7335
87073
100044
98268
109295
56418
109924
7514
48563
310
216
51193
113025
93730
16968
8169
112280
24443
29986
1859
42047
83570
27375
30782
16120
49068
72589
16904
53024
14102
60357
8129
17410
99626
7036
74591
71553
91326
90537
14492
26083
67028
16529
49530
25643
102291
42506
76437
115404
81486
72580
74567
84363
111656
87324
86337
39834
86520
18142
111710
80611
54929
87586
49248
14736
3956
10952
61268
7742
102409
96504
805
100143
33439
3516
75928
17153
14840
44997
3147
107734
5702
98064
43835
112301
12196
100701
67255
36317
96579
87665
79918
57254
64038
57008
20840
3713
70335
111111
59326
55206
100260
45500
54435
37174
18106
13199
66074
73803
93276
102624
104983
2203
61790
116834
102174
12684
84987
19191
111618
111611
111865
49389
13389
24775
97867
74325
98996
84744
43140
73301
84740
96335
95129
38021
77649
98335
98838
116956
27
113056
86416
56491
75543
48641
34621
22628
63678
37937
75261
72697
16936
54993
102410
115307
32900
44702
113986
40689
16729
91813
33900
32076
16680
76928
29500
108084
59709
84543
33841
64007
46694
26260
32592
41374
80659
27409
6375
69304
82469
49866
18890
95324
29308
13329
53619
74413
22007
18334
30890
37140
116783
42013
107767
104131
51352
101188
29511
84988
34998
56254
20829
45631
37571
64201
28144
102479
81350
86801
74147
98753
65947
12915
108402
97442
3324
99204
104345
55028
23291
86885
98661
2663
100183
23436
65573
37744
63965
89160
6177
29945
5459
92708
18825
108346
19052
24643
43954
3161
90369
10836
86292
64749
12704
49940
65449
112529
116344
112310
55989
42375
3381
108630
3524
56565
104299
6294
83318
4156
35581
20629
5536
103762
92626
14837
1129
38735
90013
63882
20429
45988
93529
10120
104791
26511
86675
8128
95740
76208
14793
89902
42789
79879
38596
72838
65964
101477
26901
114860
54384
117215
101390
44923
105963
39303
29882
40536
30486
15152
37704
12623
98272
37623
2430
13924
13654
53493
71163
2837
75440
18707
42567
72411
95261
74101
111385
81134
16164
69704
37677
14609
91238
111113
55758
21146
69027
49539
20246
88723
36905
70289
105864
76191
21039
48498
42120
102088
23929
72282
65738
68872
95952
96755
99665
55807
34060
44855
70340
20081
22423
64040
95371
56905
100065
110459
34697
13204
95827
3156
62366
43559
29108
13844
745
71877
117359
9693
88022
59026
54230
109421
25869
49154
6271
4925
36769
10007
19212
18602
37928
47422
98674
31427
56999
72836
21441
109835
86347
110075
102946
16783
42183
23139
116422
60651
7124
111465
66243
95722
54605
86927
4190
67191
60459
110644
68543
94388
74274
66425
113563
83623
111382
56113
65364
99484
115101
85169
21936
46766
77181
44789
105776
79741
105119
58777
88663
26970
93514
3143
16357
3164
87872
93390
73399
37863
40919
39199
13539
42353
66319
39874
54757
24128
30632
115858
48088
111821
49810
101620
69204
84817
15389
130
16279
89658
116839
41323
106996
84486
69645
103682
94230
60091
116493
9458
91198
89870
20280
42212
40798
88617
103540
49624
45659
102143
105829
61539
42758
94905
36389
70866
28559
72329
83787
112028
64484
94066
37120
71852
18517
47625
607
6849
73196
45763
70036
22707
78795
21658
44827
25532
44420
90228
39305
5129
9466
60501
48662
69748
102525
54768
33706
40692
111014
92354
32249
105688
88096
82047
48180
20383
59736
12780
487
48550
42943
41827
62504
59088
46468
100711
41818
88261
70499
36684
67587
80822
8726
87425
52507
26051
103779
97711
90277
89252
3194
26589
35436
108800
33374
45833
22879
25312
31815
60259
95078
26619
93873
98608
89771
37232
78670
4569
100226
11054
92206
21365
33748
55028
24590
6513
84883
108019
98312
38951
22382
34061
112143
48746
26098
19944
66914
31732
81519
19317
53964
92494
66329
114069
5853
104432
115115
100193
10955
10622
33586
74137
115012
1070
37376
66930
43400
35042
53484
107419
25251
56087
50919
12700
79702
53282
56299
74496
62827
61428
45975
75552
32328
98536
73216
5773
50731
34255
52066
86717
100504
64287
33879
35766
35977
54481
115206
7973
85065
17518
30333
40731
114622
43265
84744
100223
72617
8536
6435
71447
91129
11991
22912
74329
116177
20691
71107
107501
17463
67793
25596
28498
11177
61752
22556
81481
75999
113342
113933
25769
27654
86192
81907
71417
89220
38574
10372
82098
73999
46968
38392
2751
29726
55395
16250
36241
106227
47039
39084
85443
95448
39967
92501
37859
56116
61508
69462
7886
29269
69855
12688
207
53173
15581
17516
38644
46686
4550
105687
96004
59454
110762
76269
27302
116002
1791
109695
115136
11346
33150
32593
7808
15288
92983
65275
92019
55543
114160
77609
63574
103778
41882
88537
87537
32413
107625
103689
70569
84875
53761
101107
18241
103564
15396
115918
75823
107611
46826
23752
80523
94166
82309
39756
70338
66923
63077
45229
73039
28889
75712
102578
46832
111253
13060
90888
97904
1030
47239
26178
82082
55441
70805
62753
35224
81145
15720
117135
44570
73159
89395
91522
111647
45115
81079
882
106346
11888
113556
79215
116227
102874
12382
40761
23899
27536
80133
78716
85962
90971
63714
50972
54122
78350
47270
113090
96778
109820
108790
63523
96093
79699
36330
91962
68183
16731
32979
98578
45281
32717
31399
25956
29337
47723
36833
62209
1635
48419
112241
41477
2317
116257
87798
75651
45929
110296
77066
31203
116487
32636
35833
21304
14164
67745
71272
8404
33007
42926
22003
58580
112928
79465
103305
57055
79014
56912
4906
26231
55980
74558
114908
92902
115383
29622
39524
22943
60567
55916
109228
73139
11429
85390
99346
105161
106857
91658
30181
2726
111121
38763
83226
57942
65129
10704
46117
56841
90608
14216
15200
17563
25904
82918
34804
77725
37604
617
22751
208
20291
67800
88450
106322
31573
55676
35536
38833
66848
64255
19891
22059
112956
108168
112760
26565
13295
23905
107012
105429
59297
92591
57272
63915
114850
23013
29582
46647
68298
101565
31949
36752
117551
73053
95618
15342
18283
84623
6601
33416
12578
90888
45700
2271
49325
22559
116900
93087
47501
15440
81184
18825
81865
96925
18324
45983
46792
42729
65163
85633
70682
113121
108256
113510
104705
74829
103689
20934
34431
103911
66835
106000
117293
4792
28768
57118
66717
45126
36537
94581
23358
19263
70231
44263
87514
113985
48606
101033
58940
115477
80742
20556
58514
1259
68510
95457
107382
58066
81995
269
42793
53381
111180
79248
100612
68249
40080
57352
15719
94016
52290
115758
4951
84364
36398
4717
56677
94829
30351
81359
43881
27980
91239
68072
102477
114970
100887
26072
117356
89385
11769
21993
9746
72835
37445
31532
50427
77086
11971
96304
54192
114293
74198
40612
9615
34693
22633
109024
92742
90115
94975
77286
54801
19539
30699
89879
9758
79387
113829
10396
81031
55266
79703
75607
70391
89084
6738
45728
48970
76718
117500
55987
31673
89451
16444
75110
20146
104575
60188
43575
74774
113521
99782
52018
34920
31074
19134
21872
79761
60870
101690
43555
60690
107211
18458
113399
20030
8998
80174
33866
69215
65267
16050
47608
27210
40211
97504
114182
25847
58340
39921
67905
40488
5214
26030
45958
80943
42300
84254
117489
5039
12215
104180
7799
59203
109145
2545
52782
64398
38106
93023
47666
7758
59392
4556
55921
115451
72924
56303
1986
60582
82311
97070
96443
7232
60236
89526
3614
100840
23827
26848
42076
80707
51543
94654
2972
71589
27910
22555
7435
18722
28333
84
28828
86501
13207
93018
61614
95676
15337
47906
28707
57186
10567
24532
117441
114622
41505
101933
64800
99330
75803
96143
34727
103908
6997
8173
3434
20249
49078
57646
108465
99845
74188
52706
9749
31202
12787
72047
4727
74984
82776
47209
15553
55657
50277
56052
82163
99262
113205
52621
27691
48601
76657
19641
12528
30754
11337
17632
54340
7378
85489
38956
64863
1915
14984
113478
24166
108877
31464
53248
38183
80116
99389
2630
33233
4907
12382
12240
23196
83700
81653
14429
96749
29234
94732
66143
58318
61003
108970
55181
113610
92275
112203
4261
74531
76276
66787
9904
73061
27124
103829
10495
55667
65955
114524
101835
58074
58512
89801
27697
56567
83494
102997
99984
28701
37831
5877
63362
3537
53545
108287
85083
9165
63945
89089
6663
50831
23122
61647
72947
24718
62749
91348
111638
70692
111337
35674
80937
110524
15929
66237
22813
111148
85930
70533
105232
23526
77384
54291
2899
58636
11503
19987
75135
17929
81067
60392
37100
40397
50269
37037
2473
41554
93823
7636
41950
4643
21007
96690
8869
24282
4973
35181
89408
26433
69603
92831
71167
43755
43886
63822
108456
105727
85462
45485
67920
55056
26677
112906
4910
105345
83253
40842
9597
101763
43654
18441
110725
38918
50077
94304
1212
80698
19028
50460
89600
36003
88184
51778
60282
103461
114597
45360
35207
84118
347
105656
55896
107670
91503
87307
29591
11265
102008
62827
62757
72016
89901
43055
90920
71024
16943
3767
31397
48128
19186
19515
59304
18645
50026
94277
12489
75479
47832
55616
72878
23699
80237
57412
24921
40124
77463
116167
30869
71193
77944
83563
113743
22404
73707
96698
65517
61643
21783
8316
115112
14576
80337
85183
55158
41946
52546
16341
69562
