10000
-8255
-4557
6688
-6164
8751
2046
-7266
2017
-5441
-6235
5035
9457
2966
2860
7735
-7782
-3567
-3561
8577
-2597
-1940
8241
-1919
2318
3741
269
-8549
-3789
6913
-6561
9520
-3985
3670
7238
-1800
-3136
5462
3106
-859
9462
-9884
6107
2055
-7314
-4330
6936
5378
-4266
-9332
5430
-8516
4713
-2737
-784
-9124
7098
479
67
-2552
9880
-7205
9505
-3243
5610
-7251
3560
3570
-7210
7848
1182
1691
-384
8862
-9514
-7780
-1912
3638
-5726
2774
-8678
-9869
7548
6720
5143
923
-8285
-8994
-1160
7465
8876
-3441
-3231
4033
-6225
528
2405
-3567
-7001
5876
4494
1916
4246
-7353
-9779
-292
-6393
1384
8279
9656
3350
3571
8164
-6508
8366
387
-2005
9656
-6984
2048
-4675
2129
-5358
-2699
6979
7118
-3313
-7721
3236
7716
6824
-2141
-9812
-2898
3941
8844
455
-6428
1804
-1526
-3752
1369
9792
947
1601
6115
-3497
-9909
4721
-5612
3680
-4309
735
-8284
3439
4971
-6888
2327
-8231
6610
-151
-6775
-4309
2923
3497
371
-7015
-7421
5655
-2331
164
1362
-9211
-6795
-2355
-8050
6293
-2418
-3426
835
-3637
-3577
-1621
1039
-9786
3262
-6095
5282
-3832
-2050
-38
-2233
1739
-4448
109
9087
-8092
4567
8521
2522
8041
9290
-8387
3063
1527
3887
-9856
391
8940
6304
867
-6693
-1815
1777
-3292
-7072
-217
-880
3489
3581
8370
-6058
8257
2205
-4170
-6868
-9214
-665
2622
6978
6158
-7190
3241
-6693
-7952
-5485
3554
2044
-5639
1711
6215
2802
-7179
-2953
-7950
-8969
362
5983
2857
-3534
-5971
-1063
-3985
5253
3900
-5311
-1786
8741
-4954
7900
1731
4429
-4245
6505
-1222
4248
4769
3954
4499
4924
8988
6083
9549
6624
-7573
8997
-4723
-3808
-4667
6288
468
6525
-7971
6761
3868
7957
5440
6698
2008
-2411
-1053
5805
-6494
8655
1963
-8555
-4703
7015
4995
-6487
-8824
-5107
-2243
-5559
7841
-9514
2502
4564
-2396
4393
-7006
-1510
2637
9190
5893
4803
-3870
8925
-7120
9712
4376
5053
-2238
4160
-1743
1379
-5127
1444
1222
7676
6148
3373
3881
3433
6720
6470
-3979
2599
-3433
3189
-2209
3252
6579
9947
-546
3258
3402
-2296
-4149
-7287
885
-4706
-4263
8322
3000
-3682
-4327
-552
-6858
2676
-4595
6820
5425
8014
3095
-8254
6451
-9717
-3000
1395
5180
-415
-7134
-8120
5317
3062
9528
-3086
7871
-5585
-1890
-5174
-8266
-3619
4580
-9830
7988
-4442
9044
242
1791
9266
1230
4924
890
-1134
-6761
4512
5890
8562
-5613
8644
-7160
-1582
-344
6869
-1480
-7887
2554
6737
3698
-2636
-5566
-7252
-5441
6034
-2362
-2139
7442
4836
9912
-1580
2776
-6477
8099
-4118
-5000
-1900
9720
4138
3393
2609
-7660
7256
2941
4184
-438
-2851
8494
8928
5674
-9333
-4754
-4923
-2163
9228
5195
-8656
9471
-9907
-3813
4062
-8702
6075
-5860
8914
-759
6561
-7219
8247
7029
-9414
-1710
-5966
1685
-2944
6379
8163
-8981
7152
-6010
-334
8943
-8100
-1638
708
-5739
-3534
6327
-1294
8931
5290
-9342
-5834
4635
6213
-6875
564
-6877
-5223
-2728
1174
1628
-5976
6607
4152
-4999
-1595
1531
-7190
4469
688
3698
-2891
-3910
1323
-2272
-7403
9782
5534
-5954
7234
-365
2706
2699
-8119
-7619
-1208
-2545
-5153
3118
1592
1004
6110
1761
8782
9408
3181
-6674
7007
-4720
-2070
3447
-7403
-7721
-4546
-8458
-5622
1221
-1008
7275
7429
-6473
1032
1102
7448
-2164
4483
-1137
-8577
-7531
-10
-1170
7178
3358
3340
-9551
-7650
6068
6604
-4044
201
-9378
-8591
-1236
-581
-4808
-8761
-7014
-6564
-5386
-2952
6912
-7562
-6242
-5414
-4689
-984
-2509
5986
2566
-5065
-2450
5685
-2
-5438
7955
6696
4446
-1652
-6476
8798
5718
-3914
-6302
-2195
-8715
-1891
6241
2370
5084
9114
-673
6282
-3900
-9489
3603
-2426
3480
1287
4027
-2719
-1768
-9908
4190
1495
-1556
-684
-2535
-3039
-6178
7455
-3766
-4041
-4924
6845
2685
5824
-8325
-8369
-7103
-2651
2404
-239
-6808
-1572
-4242
6081
879
-6002
-6580
-6454
4538
-415
-5574
-6958
-3185
6244
-1393
4479
3493
-7181
-2852
1618
-8554
4751
4651
-9460
-2374
-803
8350
-8095
8335
-4165
-9108
3842
-8665
-9509
-1658
-5005
6501
-8918
-8205
4358
-9475
-2866
-6227
-6798
-8445
3903
3764
-494
7053
1485
8147
-449
8592
-1322
9837
-3084
3582
-4866
-1028
4325
-2324
-6757
2762
4008
4159
1998
-2773
-7847
-8691
1801
9149
-9987
4891
-5198
3754
-6898
8054
-2705
-7160
2571
-8203
-571
2255
9653
-459
2536
9071
-5889
-6654
-4440
-8825
-3848
-2671
-7695
185
-3325
-2369
-9087
3685
-4445
8327
2341
5485
1871
-1550
9174
-1093
-1004
-5509
6939
-5165
-7354
8681
7880
-8445
-9775
-6252
-8880
5236
3916
-8412
-4143
7700
-943
-6074
-9217
-1034
4050
-590
-98
8074
-4391
-8939
-9326
-1681
-898
3340
-3609
5327
7325
3967
2896
-8347
5062
9633
1179
-6399
4389
-7536
-3086
-3675
-7459
-7181
-3700
-6830
5698
-385
5113
2402
-5716
-2426
-2966
8425
4119
1718
-9895
5521
95
-8486
8386
-7380
-6386
-1791
-1264
1406
-9694
-7670
-4938
-3768
-3686
8988
8054
-5298
981
-4171
-4840
-5936
-3802
4724
7519
-4033
5693
6829
-5432
477
-8964
-8015
3050
-5257
6747
-8593
-7671
-7455
4527
9865
-3493
8887
-3992
-142
-7587
9350
1839
-6845
4618
-3186
6928
-4788
-1804
-6449
2240
9318
8298
-8099
254
-6600
1070
-2026
-2650
-7472
-430
9276
6421
9552
-2240
-5851
1156
9220
-8602
4695
-5918
-741
4981
-2744
-4317
3518
8415
6476
-8624
-6553
472
5465
6916
4038
6243
4929
3251
7040
1913
-2941
-6278
-4974
-1565
4328
9299
5973
1781
9760
-6068
7929
-6414
-2310
-8446
-1015
-1864
-3812
-4119
-2823
2556
5102
-5699
-2327
-4867
-3204
9767
5476
-9058
-5172
6357
-7600
-5039
-3641
-206
6016
1922
-1699
-938
6419
229
-650
606
5108
2693
-5187
6726
6328
-7927
255
7904
273
6139
-4945
-6220
-4367
-9694
9162
-839
4868
-9874
-1974
6915
-15
7630
4392
8040
2686
-2796
1542
-8789
-8119
-3618
-1383
5679
-7472
1930
1675
-4427
6503
8039
-5286
-4744
2434
2362
-673
2239
-7149
3012
-6794
8363
6315
3825
9360
7207
2822
-4931
1680
4229
-1107
6350
-6094
-3643
9383
6332
-6963
-835
1029
-3864
-3143
6274
-1499
-9065
9539
-3938
9164
-7581
3103
-4793
-4404
-4725
-5602
-2149
-823
3711
4223
1173
-54
7284
-2444
-8042
-3597
5297
5189
3250
2736
1005
-8950
428
-1991
116
1818
473
2101
7219
-82
-2322
-1006
6355
-5544
-7188
-7783
-2676
-3494
-5794
7440
-4565
-2
-9014
3914
-5150
-7883
1348
-6804
2713
-2122
8015
7815
-9218
1728
-5934
-2229
6705
7854
1032
-3053
-3772
3036
-9738
5820
1673
-7156
1764
4528
-3203
-6985
7716
3158
-6214
-7304
7086
9540
-6899
-9905
-306
-1899
-5186
1359
6752
-4088
863
1491
5714
9343
3288
9132
9364
8375
5871
3960
-3950
570
-3789
6462
-1652
-298
996
6117
-3398
-3126
5096
-7375
3823
7127
8586
6302
-4175
7589
2035
-6970
2627
-3122
-51
9250
6839
9384
-8452
1474
-318
9838
-5510
7747
28
6466
-5796
4505
9438
-1767
-4411
-5189
-9017
-905
5852
-7003
-2452
9796
-5073
4752
9179
-7473
-5303
4494
3564
437
-9926
-5250
-3347
9923
-4706
-7750
-3937
-1664
2055
9901
9241
-1837
-5818
1739
5839
-5585
-7545
6645
9863
547
9047
5267
7099
-5467
-3604
5381
2672
5791
-2802
1505
2288
-5687
-2946
4433
-900
6254
-5923
1966
343
9958
8568
-931
-2522
1271
4238
207
-3196
8736
208
-5590
9404
-4396
-1215
-8634
7298
6298
-8654
9773
-8737
-192
4836
-3798
2007
3665
1841
8950
5196
-5628
-6478
7413
7981
-28
-2218
514
-2530
-983
7066
4369
5539
-909
2135
-5534
432
-1621
-1420
7530
-202
3993
2092
3021
-4880
8822
1026
-7529
4316
716
-1868
6096
-7782
5794
-8658
-2238
7419
8572
8266
2294
-7540
-4642
-8577
-3793
-7862
7514
-3723
-1925
-3829
2789
9068
-766
2124
-1243
-8131
4747
-977
7317
6871
-4103
3111
-9066
421
-1078
9151
-4993
-6800
2984
4848
-799
6163
3527
2709
4656
-5587
5087
-4480
-5492
-8409
-427
9309
-8882
-4846
-6073
2806
-6666
-1438
3882
-846
5016
-8051
-6017
-9136
426
-2591
4096
7024
-8043
-9946
6969
-6295
9556
-4482
9546
-9789
4632
714
1281
-7956
-9085
-4136
-3144
-9953
-7386
879
-8977
-7604
-2186
-8430
-6595
2791
6273
3340
-3404
-665
-9361
4269
-7700
6801
9141
-5835
-1423
-5263
-5211
-2620
7772
2552
-7812
1932
7232
4621
-2297
-5795
3295
5787
7179
-6885
-4274
-8507
-1299
3787
-682
-7930
4546
-4043
6169
-1274
2931
-2405
5122
-9360
2598
4018
1773
-4600
5315
-3219
-5397
6879
-4530
-7286
-392
-4227
-8340
-4180
-208
-6830
-7998
2590
-3321
-9849
-2644
-2281
7797
3798
-3552
-4023
8313
-2927
3922
1569
9248
1001
-2391
-7851
280
-9045
-1805
1619
-445
-2174
6974
-7757
5727
1748
-5040
7954
9784
2534
1598
2344
-1627
-6669
3989
5238
1982
-6071
-1509
9529
-6446
-3627
8169
7458
1048
8347
9714
2450
-7481
-5580
5609
1378
9246
-4001
-1797
5864
-8212
8274
3506
9917
7652
9675
-7395
1015
-7490
4914
1928
-3351
6288
5018
2067
6508
3802
6227
-2275
-7633
-4568
1500
-5442
-8362
289
4199
-3971
7198
-8767
7689
-3385
-9897
-7227
1594
8063
4143
1676
-8746
2219
1602
-6604
-9543
7261
-3504
1311
2378
-7219
5337
-4120
-5178
4621
-1353
-7583
-6983
-1009
-1093
-3178
-7532
-2548
2043
-8030
1445
-9000
-9998
7699
1562
3385
-8324
3522
2704
-2553
1188
8386
-2238
1954
-4471
1707
473
-8141
4934
7263
4621
8413
-7006
-6954
-2316
-1640
-9687
5116
-1587
8037
4324
6148
6028
4691
-2351
-6371
9917
-1604
-2056
9342
6337
8640
-445
-7118
-463
7025
1020
-4568
-1235
-2679
-1359
876
2108
4375
9684
2084
2666
-3250
8219
3100
-1573
6072
8605
-7686
7188
6015
-8243
-5997
-4920
8893
-5386
4788
-3955
9499
-2030
-8707
3666
5820
1645
-2967
-6447
3291
-1224
2207
-8738
-297
-5965
-2557
6561
-9840
3077
-3622
84
1372
5326
4006
7107
-2907
8252
-4513
-1221
6270
9557
9067
1514
-4833
3512
9212
4067
4245
-6958
-8114
-3596
3729
-6632
4622
2874
-1015
5383
-9392
5176
-7859
1244
8973
-3874
-2211
1876
9030
8783
8958
-1222
-409
4716
-3926
-1505
-6999
6765
-9046
-1798
1359
8597
6720
-4720
6994
-9487
7821
8363
1374
9657
-1479
360
4296
-9137
-2461
-2453
5723
1601
-8697
7135
6787
-9844
624
2571
-5330
4574
-600
1340
-2022
-6013
-1958
-8254
3142
2365
-3760
-8087
-5282
-8504
8135
-4116
6678
4649
5660
-9607
-6905
-7117
-6929
790
-1214
-4201
3483
7863
-321
3103
-2125
-6225
-1796
-5695
8262
3309
393
-8852
-7775
-2205
-8517
-6923
5057
7971
9156
-6245
5704
3291
-1701
-3869
4354
-7197
1705
-4518
-8030
7978
2169
6806
858
4930
7797
6420
-5120
9129
-6498
-7975
5245
-8368
-3279
3912
-4215
3702
9660
-2242
-3750
129
996
-2356
2208
-7353
8512
-3479
3614
-5152
1764
3581
-2977
-751
116
8362
1301
6880
9605
7537
-6947
6192
-2949
3597
-763
6926
-1921
-1491
4519
-7875
-5621
7258
-480
8076
-2850
879
-6160
4642
-7351
1046
546
-1482
-1307
6573
8660
-2124
4777
-3011
7277
1792
8983
-6840
3016
9923
-3349
-6361
-74
904
3860
-8321
-6257
9074
-7266
1713
-5175
-5418
9379
8880
-6515
-9191
-7932
2124
-8851
881
-7393
-3419
-4779
3156
-8121
-8290
1571
8892
-2150
6523
-657
-9515
8017
6898
7072
-1160
-1223
-1922
-3560
-5505
7704
8834
-5317
-3280
7426
-7202
-602
-4182
3086
-5613
4732
461
9165
-9394
-594
5162
7126
2354
1144
-3186
-6647
-2946
-1296
-276
-6400
-2329
1082
7215
-6135
-3640
-4963
-9938
-6688
-287
3351
-203
5429
-1577
-4587
9004
-4567
5699
874
-4135
-7221
2865
1291
-795
1597
7464
215
2378
4863
-8808
-5324
-6920
229
6781
-8604
-2681
-7095
-8399
-3630
-2317
-9454
-6419
-1661
-6664
-7649
781
-6463
9622
-3674
-6966
2051
2018
-4150
-6188
2815
7130
-874
2157
8465
6491
-1624
6159
1539
-2945
-1565
1841
-7429
-7332
-7279
-9345
-406
5477
657
4425
-9326
-7713
-9010
-3015
-8231
-2872
-9302
-4159
-3321
-1504
9285
5580
-4279
4688
-6502
1232
5598
-5622
9760
610
-1385
405
6438
-8955
-5571
6125
-4308
3433
8357
-7743
-2
9309
3321
1268
-9856
-6710
4031
-1258
1302
-7148
1268
-2498
7494
-1547
-4856
-8019
467
-4385
6440
4907
-2790
9707
8478
4531
-4146
-717
-5806
-6700
-1615
7955
-7163
-5360
365
-6446
-6947
-8037
-1412
8104
1012
1531
8550
-7761
8343
-4118
-7194
-2947
-8023
-2617
-6264
7960
-6478
9372
-2900
454
6156
-784
-4623
-2369
-4398
-6211
1827
8705
2199
7699
959
4183
8449
9263
-8228
4536
-9545
3778
-6712
7093
-5363
-5524
8307
-1510
-3972
-4753
-2496
9486
1955
-7229
1560
54
-8102
9784
-2366
-3111
5838
-4319
5929
63
-6484
1959
7108
4291
4413
1024
-580
-8148
-711
9154
8689
-1453
-2877
-395
-8768
-7163
-2984
3049
5395
-721
-8611
1110
435
2033
-108
-2885
8792
4725
9608
8525
-3838
8108
7188
4102
2893
110
-2471
-1476
6300
3065
-214
-6456
-9608
-3264
-2799
623
-1606
-5814
4821
1674
-7183
-1753
9652
2180
-3169
1109
8301
7238
-5944
-8731
6654
-7260
8799
1637
2294
1834
3108
4263
6610
-8408
1971
4562
1469
6656
-6658
8983
-7301
-3611
-9377
2387
346
-4505
-3581
6822
-4017
6182
4411
-8327
9571
3407
-6303
-7323
3927
-7802
7029
4929
-3998
1721
-7894
9584
2964
-6741
-7999
3768
-7157
-2367
-7123
-1668
6316
-3952
-2718
1293
4221
5287
7354
3648
3799
2335
6391
3366
-8938
989
7863
2403
5709
3810
6910
8790
-701
1159
4988
-9458
475
-979
-9213
-1309
4144
-9158
3154
6108
-9432
3038
2946
-8530
-5727
-752
6887
1174
6826
-1208
-456
-6908
-7970
6791
-7899
1632
427
-170
-789
-1229
-8047
-7940
-4911
6433
943
1976
1133
-4957
319
-5831
-5721
2289
-3838
-6387
5695
-8869
9966
-280
-7420
4552
9712
-1979
9504
4838
5510
-2396
8101
-1792
-3513
6189
7029
-6036
-8110
1308
2883
-630
-7299
-6866
-7687
-6151
-4769
2280
5548
8747
-1916
8541
6934
8180
2017
-6457
634
2434
9163
-5858
7727
2656
-5385
-891
-9455
1254
-2089
1256
4414
660
9296
1540
2612
81
-6818
3633
8187
-6704
6411
289
1804
-9525
1557
8414
5331
3292
2824
-3430
-7832
-8442
-5691
-6677
-13
-6501
2243
-5769
7987
-3611
-9819
-4183
381
-5918
470
-500
3665
4407
-6499
3260
-5504
-6319
8250
1858
-27
9581
9428
5663
-7299
-1576
-8858
-3698
7814
3155
1978
7631
9774
7738
6362
8394
5348
6805
1991
5970
-6651
2154
6934
8530
4479
8289
6402
-9949
287
2940
-3860
295
-4199
-6850
7899
-3098
125
284
8350
2287
-1225
9437
-3404
8495
-2016
9213
5408
4975
91
-5176
-1613
5900
694
-9500
-2895
6855
5673
9999
-1682
-2462
2888
8748
-8932
5243
105
-9616
7858
-5714
8974
7308
-300
3181
-9421
5522
8609
8455
-1518
899
3779
-1575
-6642
4120
2050
7317
-5180
6745
-9886
-1273
3782
-6231
6890
5922
-3141
-6952
420
-63
7466
-3460
-513
9460
-5012
-2925
-4226
2011
-5323
-2957
-4177
1476
-9896
4597
762
-498
-7568
-838
7655
7158
-4590
613
-5187
5634
1674
-6468
5988
-4910
-7685
-4805
3737
2362
-6455
-5823
-2757
9662
8917
-6754
-5205
8667
8740
6634
-453
-7458
-6326
2219
7087
-5692
6027
482
3219
876
-527
-2522
-6961
4867
-4753
-380
4950
-7810
7632
-9260
1040
3679
9122
410
3041
-6895
2913
-9920
-2976
-8240
9584
1534
8814
-8243
4576
-5916
-8904
-8687
9970
-3679
-2817
-1509
-8545
6243
-8465
9841
-8411
-6846
3624
2377
-852
9355
-4170
-7088
6330
-4940
-7591
8734
-9272
3171
6598
-1114
-9399
-5972
-5890
8540
2489
5227
268
-9743
6878
-8220
-7572
3551
-352
-295
-6058
305
-5237
5749
-4231
-7430
-7446
-2070
1260
-3561
-2604
7721
-5994
-2204
-4436
8636
4409
-4012
6374
-3885
-5006
8000
-7493
-9206
1133
-8658
-1637
821
1782
4405
-5365
1567
-1513
-5829
-8908
6633
-4569
8236
2441
-3255
3716
-7365
2861
4691
8956
4990
-3141
8478
-2327
8275
-5625
-2239
2472
1616
-2308
6234
3559
850
-4599
-76
3686
5112
-8315
5116
6955
-910
7143
3317
-6383
4110
5703
9783
-1248
-3164
-1496
-9589
7626
5790
9802
1741
-3217
-6461
-8180
-1445
1845
-1540
-5333
8014
3203
-6364
-5090
6058
-2061
7676
-3105
-8767
2006
-7230
-6211
4956
-8499
81
-2395
-5155
4937
9267
-4830
-3668
-6842
8398
-5290
-7767
-6455
-2186
-529
-4965
4144
5933
-1954
-742
-9745
-7860
-2802
-5745
3826
5990
-109
1490
8462
165
2441
6989
-6385
5179
8818
-3738
133
-6235
-9412
5194
6087
-4535
3486
4953
1293
2606
4009
3605
235
9118
4597
-2932
9995
8941
-36
7110
8493
-4640
1014
-7940
-723
1665
-5716
-4897
-2058
-7027
5779
7750
-3280
-923
3761
5337
-5949
-8486
-4337
5774
287
-9933
-3054
4072
-5963
4561
1306
-5082
-4866
-4676
-2001
-6581
-4880
2522
2579
-2703
-1176
-3767
7517
-3050
4268
-6635
-212
-9336
8272
-6947
-9446
-6989
7972
-8502
-74
-8683
-1844
-4772
-8217
8203
-1555
4548
381
6769
787
-284
6459
3415
9318
3830
3325
5705
-5422
-5464
-1194
-7540
-4174
379
2046
6380
-3934
-4643
-5313
-7200
-7142
5767
-5226
1780
3016
-5373
-1866
6735
-5312
4157
-4672
1275
7778
6287
-9894
-7301
5243
7692
-8938
8541
-631
5095
-4852
-3170
6425
-5976
883
5539
9091
-7950
4422
-5607
-9787
8212
-709
-3761
-2460
-2092
6134
-4464
-6641
6547
-6165
-2171
5889
6438
8698
8840
-9858
-4755
-1669
4661
8342
-4589
1328
9894
-3022
-3005
489
7327
-1851
-1079
-2029
-1200
4756
9763
-9738
-256
9946
4134
3531
6856
9930
-7413
-835
4858
2270
5785
-4873
920
7132
-5474
503
-6993
8378
-3097
5779
6263
110
-5599
7143
1251
7040
-4850
-3738
-5559
-6624
-2187
-4251
-4930
-9705
5204
3924
-9282
-6449
-1977
6070
9512
3114
-5599
-5221
-4954
-5721
-356
9398
5007
8512
9568
-2331
-5257
-1209
3213
2676
8087
-182
9399
9698
-7873
-7274
3621
-9612
-2673
-5398
-1726
-8469
9936
-2564
9466
6259
-446
8972
-5189
4809
-612
-4096
-8528
-8697
-2086
9936
-5915
-333
-5613
-1236
5672
1815
-5925
-1297
-579
1171
3266
7704
-5485
-6246
5107
-4836
-8526
806
995
6802
8730
9874
-608
8781
7394
7715
-165
7883
-1437
-2962
4077
3640
-4342
1106
-8835
3588
-2500
-2847
323
-7168
4108
246
3668
8534
4605
-9268
74
6443
-3313
1729
-1524
8619
-1689
1949
185
-7335
3786
9702
-1880
5578
-5255
-2731
-2845
-8570
-8052
-1259
1949
820
-7218
7536
1811
-1074
5638
-6578
-6933
8306
7609
2853
3817
-8911
5205
6596
-9038
-4290
-8869
-8779
4397
-3849
-2491
-3215
1405
5050
-7053
-6186
4523
-4645
-528
380
-5474
5162
-9220
-9388
4407
-2513
4646
-9657
390
-6075
-4364
3121
-9827
-1530
-9255
4259
2639
5280
9455
-7191
-6597
8846
6757
-514
-9758
-547
1612
-5122
5283
-906
4576
-5655
-2176
-5723
2353
-259
2348
-3725
6668
4221
7205
-9348
5976
7752
-7084
-3546
1661
9265
-1773
1222
2757
84
-8938
4375
-9137
3217
7237
3376
-5895
9960
2007
8273
-5690
-553
-6325
-738
8865
5776
-1299
-3873
-5139
8146
8402
-8967
3814
903
4077
-1429
457
-7054
-8306
-9222
-4848
4584
6126
2853
1756
3127
3810
465
-8520
2309
9556
-3549
-5249
7200
-7391
7087
6464
-9133
-7248
-9448
1219
7033
-2278
-8625
1098
-5553
-2351
4298
1547
8367
-7748
-3249
-4492
7145
9933
5532
3390
2081
1215
3318
-9481
3176
-1243
-4951
4283
9830
7405
8836
-4909
-421
-8489
8066
-4846
6583
5813
4300
-1006
-3444
-3247
967
-2420
8177
-247
1195
-5919
7343
-2621
-7524
-7513
5909
3591
-6347
-9181
-9779
-8084
-9265
-815
-5659
3039
-2907
1150
8200
3657
-8943
-7747
5816
-3594
9794
-975
-1994
908
5303
-1919
-1553
-3299
-699
-6909
-204
5762
2580
-4824
6394
-3813
-75
1683
5223
2129
-8456
5025
-8021
928
1896
1481
-9946
942
-8977
730
4740
8518
-3194
8921
-8701
1265
9567
6365
-3565
-2270
-6578
2308
-910
-5925
6525
525
4118
6312
9746
-8291
-1357
1436
3227
-1386
-717
8207
-5521
9586
-38
3418
6913
-57
796
-8062
8620
-3498
-1636
1429
-2436
-1170
-4822
4377
5091
9254
-7513
-8943
6621
8423
8731
8577
4042
-2988
-4495
-9309
-4810
1692
-4509
-1734
2186
-8389
-4159
-7934
-8147
8251
6732
-7339
-5235
-6535
-2748
-1688
3162
-7226
6069
-4816
8099
8327
-5287
-1572
3770
-599
-766
-8822
-8633
3700
-1203
1455
-4738
2226
-4511
-8298
-1553
4114
7496
-2382
-2890
2831
-3213
-3558
3013
1910
8209
2701
-4342
-5006
4771
973
1524
-5408
-1842
9728
-7875
-4478
-5494
7371
4192
3966
2937
5878
-1999
2006
-4552
5280
-5007
4058
6561
-3849
-348
5492
2539
-1888
7167
316
-8389
2024
-5357
8737
4323
-2383
-6931
5975
9684
2396
-7086
-4641
-3612
6464
-4116
-8607
3171
-2357
-5489
804
788
-854
2619
4083
-2956
7567
3715
8326
-7914
5346
-202
6312
-1538
-9011
-248
-7324
2055
-6793
1872
-3775
7868
5712
6726
9257
8709
8165
-5133
9510
2470
-7833
3833
2971
5795
7166
68
-6627
-5905
8654
-9228
-112
9851
3554
217
-9720
4140
4530
8205
326
1263
-1649
3223
973
-312
-7052
-1400
-1004
453
7324
9455
-825
-625
4075
5747
391
-1323
-6434
-1227
4930
-2760
4409
-6499
6853
-5473
-7906
-7894
-6873
1048
-5652
-8433
2543
-4147
-7262
-6591
2495
-9622
8504
9330
-5474
-3144
-6691
-6274
6042
2200
-8964
2940
5784
7961
6260
-5565
3569
-2293
-5167
-1638
6289
5531
-9360
7420
9712
7389
6437
1538
-9207
-4717
8180
6972
6995
7953
-5160
-8132
-1756
7507
8855
8551
-5145
7477
-2218
-9238
-1652
-9563
5926
-7963
-4913
9640
-4377
2959
-2058
1332
7273
-2220
1608
4499
-2292
7532
2714
-8526
6665
4577
-4479
-7922
4825
2889
8671
-692
7181
-1987
6160
-7874
-3213
2037
-7930
-3977
5954
-2987
-4468
3199
-3411
-5571
-4932
-4423
2504
4452
-9672
-684
-2037
2646
-1613
-8271
5287
5345
-2639
-7505
-700
1886
4893
-5548
-9508
-5738
-6055
-9567
-5478
7877
-2530
-2916
-5555
5627
-7011
-2413
-6855
-4003
3642
-1213
-100
6802
-9570
-1215
-4539
9655
7242
5309
-2619
1432
-9968
3530
-205
-4009
4236
5946
-7212
-1713
-5497
-1224
-7359
3513
-2652
-5314
9193
4680
4811
-9240
-6372
4299
7928
1222
6675
2073
-9742
-3911
-6232
-5776
-9324
2738
458
1611
-7688
-8934
5914
1937
-7194
-5211
-7795
9278
6149
-3094
-4887
-9773
9627
8354
3641
-1650
5475
-7690
-1293
6588
-4443
-6551
2785
-1240
-3557
-740
4429
-5869
-5649
3445
-604
-3344
-4352
-7340
-9165
-7280
1922
-9904
-5842
-4075
-1043
-7039
-9192
-6854
6716
1073
-1187
7325
4813
-8888
6778
-6858
5427
-6295
5009
-1390
-2757
2855
1815
-4044
-3889
-4761
-5459
-827
9212
2472
3106
-8027
-2159
1967
-1816
-7570
7541
229
-8728
2890
-1357
853
4910
7605
4205
4487
8049
8217
3747
2059
1208
5971
-9760
1343
-7916
-5366
367
-9048
5981
5741
-184
-2777
-3370
-7311
-2449
-9331
1465
9654
-3782
2728
-2439
-6697
4568
-6620
42
2773
3568
4395
425
-230
6317
-473
7537
3693
-7526
2622
1346
-3383
7518
-5689
-8458
-7133
-5107
-2302
2097
1736
1788
-1124
-941
-6065
-2672
8821
6448
-5796
6995
4296
-2220
4285
4691
3010
-7684
-7850
6423
4714
-7962
5421
9121
4765
-8778
-9200
-6764
-2730
-9114
-3302
6966
-3622
-7647
3484
7880
9181
1369
-4095
5901
-756
1383
6440
5102
-3531
6940
-9655
-7394
-4145
-9135
-3101
-4739
4515
-4515
-5346
8460
5211
9071
-4843
-6630
-115
-7606
-2961
-3481
4591
-7
-8943
-5273
8062
9102
-6094
-7362
2451
-9834
1563
-7090
1897
2377
6189
9493
7112
-4470
-5283
4955
-787
5449
1834
5952
-3823
-2011
-8084
-6253
-9726
-7301
1352
-1919
-1218
4514
721
-4350
-1321
9452
-4232
-8943
8589
-335
1818
3827
-8035
-6973
6419
8909
-6669
-8711
-9347
-8081
-2393
5058
7953
2907
-6701
-7402
-9336
7415
1606
5704
3803
5032
7838
5347
-6212
-5487
-7142
1437
-8135
2947
6273
7067
4540
-7370
-5296
-6608
6769
-4744
-2682
-7942
-5768
1756
6593
9186
4583
-6362
-3829
3947
-4479
4289
6382
-2443
761
-7671
9039
9949
-4667
7975
-8703
-1700
9784
4562
-2768
6249
-8209
-9555
-5896
-5692
-2280
1179
-821
-8661
-4577
-8629
-4633
-6969
-8502
-7289
-8567
-5799
2937
8548
5524
-5678
5618
5855
-6254
-6265
643
-390
5910
4635
283
-1478
-3311
5454
-2674
2120
-6154
-3348
-6692
8924
-82
7712
-838
8475
-4115
-3702
1685
5915
-8424
-6202
480
-29
7607
-8134
-704
-1907
7659
-4305
9086
-3031
-4460
74
5938
-5241
-818
-7082
-283
8945
-3864
8282
5082
-9462
7156
-7988
2083
8516
2257
-3266
-6754
-4910
4236
6621
-7010
-126
-2543
5979
9536
813
-4411
-1714
-1077
-29
-3399
-3433
4533
8806
892
-9418
5341
-679
3258
1946
-8885
-5979
3037
1343
4044
1309
9774
1297
-8451
1568
9175
-3114
-7428
2948
2337
-2551
6333
-3699
-9956
-6834
-4549
-9799
-5771
1672
3564
-2197
4992
-6952
-4822
1314
7083
5018
3741
866
-735
2157
-7663
-4948
-8355
6491
-3709
-4704
-1938
-7525
-5071
-3728
156
-7992
5726
886
-754
6209
-9608
8048
-5010
7269
8028
-3956
-3805
5275
1047
3903
9474
4395
1914
4378
6168
5232
8929
524
-7213
254
6794
-4530
-9190
1441
1061
-2789
-3859
3944
2087
2054
-4914
-2008
1680
-8821
-5348
-6543
-6949
-5497
3356
6588
5004
6337
-4120
7022
5841
-2161
5396
9567
-5372
-8194
-3370
3456
6487
-998
-1531
3949
7893
9777
-8043
3198
6709
-1275
6053
4428
-5175
-4813
8973
2696
7111
-2185
8431
-6182
3138
-6642
2365
-6678
-3472
-6625
2900
-6969
6568
5072
-7362
-9623
-1239
-3479
-503
-3370
-150
1239
-4517
-4166
8593
-7819
-604
-2105
9682
2776
-1388
-5561
5326
-4843
5681
8952
2166
-9893
-2530
4567
8786
6754
-5786
-5554
-1628
-3292
-3980
-6201
-8529
-6652
7954
602
3287
4816
7099
-2847
-3534
3065
-1121
9126
-2571
-8405
-8371
9350
5149
9329
-6594
-6234
-1406
-8841
-9048
-1870
2007
-3117
-469
7174
-2363
-9020
1514
-8161
-554
-9651
-6043
-3735
2179
7508
-4064
1211
9442
-8075
7742
2835
-4554
-6937
7324
-489
1320
-3164
1807
1877
1871
5277
-76
455
1973
-1649
5547
-9379
9261
3938
-2823
-3093
2610
5571
-6627
1619
8854
-7546
-3234
-5962
-5263
-9240
-6687
8029
2753
8452
5256
1565
-7379
-2691
6782
-499
-3277
5761
-2211
7573
-1062
-1101
-500
3052
-90
-5367
706
6472
4434
-4802
704
5837
3857
2961
-4997
7788
-1456
-1493
2724
-3831
1145
2377
7145
-322
1349
9559
-6846
2277
-6716
9104
-9690
-9565
-7020
-539
-2799
9110
-3522
-9951
-3896
3511
-7008
-2061
-8907
-2198
5480
-624
-5205
-9746
2569
-5527
-4393
-8917
1862
-2642
7113
3085
-5276
-1152
2643
4646
-1093
8921
-9854
-4174
-6886
-7704
5778
9376
-8056
-7048
6431
6537
-138
-2950
-8615
2801
137
-1640
-2652
423
-8784
-5353
-1779
-8826
9461
-2756
2482
-6964
8713
6577
-6108
2748
-4918
5049
-2417
-5786
-2171
-1737
-6006
2695
-8201
-5630
-4659
-6770
7450
6869
-6348
-8121
-6325
-4337
-1471
-9186
5245
8629
2675
4454
3864
-4288
5446
-2392
4100
6601
4607
-7132
8535
-3006
-6493
-5786
-2637
-8255
7022
-8928
-5932
-5964
4910
-5503
1281
3979
-3126
1175
-917
2152
-3374
2521
-7695
-3880
692
2171
-9439
-871
8125
-5254
5687
-1559
-9792
-1082
-8345
6447
-9538
8553
-6344
6119
8626
-1169
8337
693
-3298
-8684
2904
-4810
5189
5558
2448
-1786
2830
-6327
-5698
7142
-4722
-9823
-9867
-9466
3414
3074
5198
7756
-7963
-4456
2661
-1167
8240
3250
7107
-6045
4174
410
-92
9858
-9268
-5377
-8394
-1162
5613
-7614
9373
-8223
8299
2455
6638
9703
996
6461
4069
-1166
-7738
-995
9965
1176
-6042
-5837
-8018
-9982
-8434
-8944
-4531
5385
-9562
9037
7516
-1152
6580
9055
-7049
-7386
-9291
8339
-5914
2605
247
4533
-9055
-697
7784
-1456
1202
3049
-6535
-7844
-8188
5739
-6078
971
-9083
-5389
3343
5387
601
-1293
-8835
-6324
-8759
-7033
7793
-2221
9219
1323
-2719
-2449
7972
9843
-7772
3973
5379
8146
2895
-3046
2705
5572
-6810
-7414
5669
-2544
1728
-2412
4087
-3110
3
8538
3609
-3943
-7382
-6738
4903
-3762
5122
-6285
-5852
-7440
3247
4517
1967
7527
828
470
9789
3591
-4562
6756
9931
7351
-1063
219
-4939
-2996
4669
-2403
2627
3246
-5849
-3411
-2699
8243
274
-8331
5218
-8059
-8937
9754
43
3797
-1664
-6441
948
5600
5434
5932
5074
3334
1415
-5829
-8256
9516
-8069
4101
999
8924
304
-3594
-6366
6849
-8890
-7110
2058
-9571
4730
-9689
2859
1688
5326
-5437
-1162
-764
9794
2514
7358
7946
7
-4820
2341
-6190
-2383
-560
-460
-9512
5625
7194
3157
-5176
-9448
-7407
6953
2241
4396
4268
6374
-6171
9169
-1918
-6224
1916
-4091
1486
7755
-3670
5211
7695
-695
-2040
8822
4266
8189
-1275
3985
-1171
-9705
-8672
3153
-6173
4693
4283
5943
9048
721
6227
3290
6439
-6864
2651
4209
-9472
5040
-9510
9048
301
-723
8221
9712
-355
-4568
9787
-2676
-3281
8707
-1440
3517
9322
5180
3697
8657
-3744
3844
1720
6242
8506
-9856
705
8923
7398
7542
6995
-8829
6898
-8707
-3544
9659
-8622
-954
-9989
9966
-1703
2322
8712
1351
-9529
-6680
-2136
1466
-7383
6950
1890
-9450
2590
-9768
-9151
-7778
-6927
-2794
-8322
-4156
-6456
-4988
3399
-3900
-6472
3282
-9258
792
-5687
-7755
-3041
-1248
-7940
-6475
-8580
-6860
-6380
-114
3513
5054
3933
-529
-6152
6573
677
-8301
-5038
-6132
-8954
5501
-5289
-1255
-9431
-5783
9354
8146
9570
4923
6251
-4546
6781
-7634
979
8279
-5842
9256
3387
6764
8898
7833
1942
-1309
5577
-9428
1120
1847
-3963
-6727
-5511
-8901
-3165
7881
3069
7565
6785
-329
-7567
-2176
5782
5219
-9850
1772
-6136
6269
8122
-3776
-7445
-3421
-8095
-7188
-548
-5603
471
-3244
-4638
-1858
8395
-636
2430
9824
-962
-2354
-8486
8531
8232
-7976
-9680
-7500
9265
7145
-1237
2172
-194
-796
-6536
-5069
902
-1051
3853
-9561
5409
-4504
-5832
8415
2619
-1429
-4790
6100
-4143
-7540
-5936
329
789
196
-4447
-2601
9205
9559
8472
-4184
-153
6044
300
1707
8935
3152
-8918
9185
3751
2397
-7718
-1544
-9766
-2740
8186
-4057
8975
9021
-1709
-8459
3688
-716
6675
9186
-1668
3062
5223
8106
-6106
9436
2369
2352
-7569
9192
648
-9647
-8706
-6020
2414
-4401
-6084
-7464
6377
-2338
-1372
-6867
-6992
7300
4266
8474
-541
-4911
-4124
-822
6323
1920
-5710
-200
-8455
6263
-1338
-2090
9682
-5274
-7177
2070
4538
-97
-3513
-5341
9056
8672
2345
5546
-6751
-9564
-6834
1773
4108
8421
-9411
-3103
-7375
-1656
9161
-8858
4223
2021
-429
6025
-4630
7478
4508
-1393
-2478
-6330
6519
5951
-2373
-678
3166
370
4124
-9821
3573
-9728
-4922
-7434
-7830
2205
-331
-5616
-8070
-9981
8232
-2297
-810
-5030
1682
3128
4110
9900
1488
2367
-1801
-5549
-2294
-2625
9673
-3845
8738
-7793
-9897
8074
-3948
-9674
6768
-5313
7135
-3738
5042
-3253
3511
9990
7442
8542
4323
-5279
5957
-9022
-4558
6744
6002
-4762
-2979
7849
6345
-7380
-7889
3005
9764
-8259
-2322
3670
-242
8548
8500
-7573
-9020
9692
8395
8186
3308
5498
-6542
-2678
8994
-880
3317
4602
-4570
1312
1266
6317
-1999
3646
-6950
-5013
9596
9652
1273
9604
-8027
1831
1694
6395
-2183
911
4690
9843
706
7023
-431
-5409
-7575
-3211
1754
-9399
-8100
-4269
-6154
-1097
-6626
-7075
6949
1735
7648
8867
-86
9342
5450
-7166
-1722
642
-716
3572
7949
6750
-8366
-1031
-9981
1595
6770
6941
-9249
3310
3855
9570
-8906
3202
8827
3105
-7487
4558
-1754
384
3523
2131
-9378
-826
2981
-3687
-6959
-3010
2944
-3483
-3441
-4348
-6167
-9483
-1345
-9922
6466
601
1282
3459
8708
-651
6544
-6277
9412
-8725
-5707
9553
-8578
7910
-5060
-5076
-6717
7921
-3246
3882
-1540
7906
7386
1454
-9643
-7368
2023
-890
2431
-9208
-8846
9487
-8409
9981
-3213
-1119
2150
4516
8366
1639
2041
-6821
-3623
7347
-6349
-7306
-8115
-4914
2391
-260
3715
-9550
-3896
5088
3164
648
-8557
-2782
-6792
7559
-2519
-9619
306
-1623
-5216
-8362
4221
-9951
6258
-9204
8915
2857
-7347
-7092
-7773
-4350
-5372
-7305
-1093
-9285
3130
-4826
5574
-6399
8685
-3338
1456
4323
-1054
-3216
7521
7171
8755
5740
-7246
4245
-4464
1460
-2846
-5806
-4611
242
-9000
2915
-2342
-7571
-3707
8272
-1285
3840
-6616
1676
-3001
747
-7913
-8241
505
5877
-4324
-155
-5364
-9596
-8714
-8624
-3968
-1485
-4897
-8645
-5158
-2227
-7687
-6217
5410
-6073
-8247
3773
7228
-4061
4091
2166
7336
4106
8085
2034
-6211
9254
-2475
6697
795
9324
5334
-227
8259
1674
-8638
9729
8705
1685
-7600
-579
6831
5022
5271
7828
-5692
-1518
-6675
9127
8889
-2574
3392
1311
2749
-9540
4569
-1574
-8001
115
208
-6933
3125
-6529
-2603
-5477
-7804
-3428
1223
-9618
-2246
76
-7773
-4249
5091
2728
8113
7021
-5282
9805
9962
-5878
2207
8118
-7480
3925
-2806
-9975
8836
-9707
-3242
-8510
-864
2051
8377
9926
7348
3085
-5928
-4819
-9766
-5403
2619
1220
-5654
7477
-718
-7983
3083
-2889
557
-5199
6870
2841
1171
-8781
-5926
3561
1476
-3593
-9632
6603
-1586
87
3680
-6936
8371
7545
-1287
8909
4024
-1857
9089
-3049
-1288
-3036
4153
7871
-4919
-3875
6748
-5731
-5793
9438
-4265
-3852
-2066
2697
-486
4878
-3331
258
-4547
6228
-8237
-9618
7913
4864
-2608
1492
1294
6752
-6240
6566
-8812
-4832
8058
-9727
-8384
-6930
7389
-7206
3749
-3322
-1684
-1705
-5717
-1944
7370
8568
3591
5359
-92
6936
130
-5225
-8959
-4924
-172
-1362
-1020
-9799
4317
-1813
7833
5607
-8598
-6014
7862
9889
-8827
2720
-9633
-1596
-4512
-8103
-9785
-6147
-472
-5067
-5282
-9503
-4056
5233
6055
-429
489
-2195
-4257
9793
1507
-8944
-5816
2554
-250
-1059
176
-6275
-9791
9146
-3945
-1174
-8870
-8316
5053
5849
7985
4267
-4096
2520
5760
-8934
4318
-5042
4306
-3709
7942
-6247
3785
-3566
-7002
7816
-3936
-9839
-5
5213
87
-2853
-1323
-7079
3778
-7191
3180
-5463
4832
3730
-1769
6749
-7893
-8253
3551
-4384
-8248
9527
-2929
-7965
-9175
-5307
-2797
4748
-6244
-8427
7139
4300
-6289
-2301
-9837
-9539
-1133
3063
-6735
-5104
-8634
-2971
-1299
-4731
9750
-7065
3078
4849
7631
7284
3635
7503
2662
-5986
-4490
-2898
2373
-3770
-2208
-7530
1701
-6090
2787
-4704
-3233
4998
-2939
622
4981
8294
6647
4425
-341
9738
-1356
6318
9935
-9076
-9602
8188
-2032
993
-6461
-7326
-1063
-810
9294
9195
-3634
-4290
311
2501
6192
7643
-9352
-774
-4118
-1202
6402
-6765
-789
1614
2809
6938
4642
3503
-8202
1452
-2497
-6105
-7821
6866
2080
-3140
-4702
6826
5432
-9203
-6706
6402
-8411
-7126
-6648
-3892
913
6012
-6273
3406
-5504
-6545
4036
-7645
617
2685
5736
2357
8419
-3014
7853
-5691
-2266
-1645
9016
618
-5892
-6100
-3438
-6400
-3248
8911
-7243
-2115
-9278
5868
1085
9556
8418
-1035
-9595
-163
-5570
4363
4263
1133
-5340
935
4923
-5311
3340
5115
3931
570
-6314
7011
2052
5176
9751
6753
4801
-8288
-8652
-960
-9533
4542
-700
-4909
-275
3034
-4488
-7445
9941
2019
-7041
9156
-515
9958
-1173
7478
5833
675
1450
7035
5731
-9835
5503
-1860
1439
8205
4275
4997
-6259
5901
-7814
1861
-2078
2114
-7391
1657
-4509
2524
-3121
-9199
-4867
-5840
5714
1023
-1946
-638
9896
5807
-3044
-8668
3286
-7768
-4319
-7241
-2597
6792
-2032
8400
-9840
3215
-9368
7092
7232
9950
-2883
6099
-2732
-9326
-2730
7571
-349
1541
2785
3143
-1796
8438
8804
7444
-5238
-7795
-7115
-3733
8868
-5048
-4668
-5011
7190
1354
1412
8567
9648
8106
4856
1679
4765
-2697
-330
7141
-7632
2008
-9542
2784
4106
-8408
-9286
5082
-461
8475
427
-8833
2924
-2567
3232
8776
-7885
5869
-7849
5811
4103
-4750
6824
4096
-4645
-8181
3240
2543
6059
-6150
5281
-9020
2957
-3815
986
1335
-425
8059
8940
-2403
-5086
4295
-7574
-746
1453
9915
2670
226
-5368
8397
-2330
-8655
3869
-3648
-9937
-2418
3572
-4153
4675
8402
7157
4702
1799
-5991
2431
2355
3770
-767
-5066
548
-4321
2498
-2951
-976
-8871
-409
3477
8046
-9284
-7980
-9956
-1953
4570
-4520
-1193
-3606
-7643
-825
-3427
806
6205
-3782
7092
4631
1159
-505
-9453
5416
-238
-5903
-4504
3352
-4395
-5796
-8016
7526
-1385
8866
6822
2453
6627
-4237
-4044
6425
5436
7945
5540
-2706
-3456
7883
5410
-2037
-7685
3111
9871
-4837
6823
359
1831
-4647
-8391
-1408
-4511
6513
-8218
8952
8322
4698
4203
-5669
1387
-2138
-7252
9698
-4887
-6862
1237
-9294
-6166
5976
-2175
-632
-2952
4120
1262
-6335
119
3010
7012
7607
-1629
-5121
7462
-5953
-7306
-5308
9550
167
567
5255
7550
-4470
-3265
-6236
-4899
-6260
1126
-8628
7349
9397
-1650
-6968
-5326
-826
-4274
9160
-3848
6854
-4454
-1148
-9625
-3512
-3589
-7593
7743
-4639
971
2451
-6326
-9821
-142
1096
-2011
-4745
985
-512
218
6627
3159
8984
8695
-2936
-758
9764
-8998
-8103
4101
9660
-401
326
-2066
-2346
302
-2313
-2054
2228
207
-2626
-9288
2260
1057
-2005
-7566
3279
-5470
2697
-2819
-7119
-5529
371
1640
-9396
-8262
-9436
8574
4837
2207
-770
9846
-1091
7304
-5719
-8593
-9951
1148
9747
-483
5234
-8367
3051
-5791
9829
3035
201
-8839
-398
-4118
1047
6502
-6105
-3770
-8662
6039
-5927
-420
-1854
4380
6227
-1007
-2783
3290
-8677
8796
2573
9001
5570
5207
6712
5330
1893
7392
3377
-4544
8112
9187
9032
-9550
-8286
66
-3159
-3671
6408
-7098
4397
-38
-5554
7564
2744
-8065
4763
-1124
4883
9336
5112
-2360
7912
3318
-8542
-6280
2825
-5894
8104
-8547
8205
899
-9595
2233
4956
-5475
-3238
-7660
-6201
8941
6391
6539
-7291
8041
-1714
-2395
-6446
-7887
7084
7399
5920
-9137
4154
8211
7833
-7559
-4402
7151
1693
-9301
7172
8336
7550
-2828
-4693
-7426
-3038
-8375
-2296
609
-6599
7519
-5292
-2355
1954
2860
-6490
-3998
-7141
-2135
3428
-9978
-1827
6394
9582
-338
3445
-3762
-6383
-6780
-9870
1822
-3970
5613
7936
3469
2370
-2348
7492
-7427
-6338
-1421
-8534
-3130
-6985
5677
1685
-6798
9792
985
-7671
7415
126
6635
3632
9013
-7648
-4360
2736
-7601
-4591
-5450
1923
-1377
-5830
6764
-8070
7187
-9347
-7171
8418
4725
-7973
368
1326
2410
202
1737
67
4301
451
-5966
7119
-298
7403
-1613
-3455
-9048
-6502
-9552
7159
-8096
7051
-5675
-3223
254
3156
-5362
-2047
-6781
-3307
-8581
-8376
6887
2772
5377
-4858
-7644
4199
8300
8270
-1547
-4183
3729
4109
-8505
5961
7723
8323
5992
-8344
-6519
9505
-3256
2461
8522
1149
2898
-5191
-3650
-8526
1083
6793
2310
923
-4673
-3539
-51
-9555
-1342
1639
7590
-8339
7198
2426
1645
-8922
2821
1722
8761
1575
8462
1522
-8465
-40
-4423
-2144
-8943
9908
9977
-9256
5192
5618
-802
6673
5809
-6606
-8851
5196
9405
6062
1670
351
1134
-2441
4946
-4198
9026
275
-479
-9796
-8394
4352
-640
-9999
-4041
877
3449
-9195
-7102
-1829
-8406
-7060
1424
440
5280
-2915
4523
-1216
1957
-2010
-549
-8153
-9985
-4868
3807
3868
-8446
-6519
602
-4090
6730
-1836
-6729
3868
1012
-5264
-3918
-750
-6839
-2326
-648
8162
-9714
-2056
-5526
2240
-5126
-9139
8174
-7282
8505
1759
9743
5891
-2641
2774
390
1755
1167
-2099
5719
-7776
9798
518
5041
-1620
-5232
-5876
-9019
-6848
3663
8261
-7897
-2977
3946
9190
-7345
-9008
-984
-2349
-3979
-3744
-9960
2924
-8761
-349
8126
1934
7972
-6527
-8548
6948
3920
-8750
-1530
5244
-6792
-73
-9153
9255
325
-1689
2919
6539
-4891
2325
-4501
643
6482
-633
-2145
4676
6345
-6797
5408
-4418
1098
9430
5471
-9734
-4695
1244
-1610
-4506
9989
-581
217
9873
2559
-3974
9547
972
-3698
-1097
-430
205
2193
8184
-248
8579
-9312
-4876
9168
-1274
-2964
-4859
-7586
2688
-1539
-6383
990
-2624
-8030
-6174
4176
6327
-4044
6523
-3268
-1536
-4226
1745
-7163
8363
-4204
-1825
-1772
-3393
-9067
1789
837
-148
-4155
8566
5122
7199
6635
-651
9145
-4943
-5836
-7480
9374
981
7473
-6072
7653
506
7588
4131
7051
-641
-5181
8927
9679
-1107
416
-6589
502
6983
-8824
-1519
9316
-6089
-373
-7589
-8460
9733
1736
6384
-5342
224
389
4406
-5920
6385
6486
2517
-3556
-6812
-500
-8309
5083
-4499
-4373
5464
-9970
-8267
-950
2044
4881
-1959
7798
-8832
2379
315
-5824
2237
2183
-1088
3410
1454
-1114
-608
6292
-360
9623
-4260
2504
-4030
7086
-6154
-8215
2875
-7046
7974
-4633
4080
-5207
1188
-6500
-1398
9419
-814
-1529
3506
-832
7058
6306
9584
3002
-7939
1979
-7302
1506
-3864
1162
-9376
-8785
-1397
-39
-8727
-4944
-176
5768
5693
709
-5427
-2790
-2372
-4524
-4259
-1595
-933
4271
-3291
3769
-3358
-4995
-3905
1472
7597
-3842
3566
9791
2034
2780
-2398
-7772
5519
8704
-6677
-8934
-5025
-530
7522
-766
2342
-5866
2663
-1566
1297
8843
-4850
1958
6560
-5649
-3985
-9363
-9425
9266
-3775
6484
-6862
5405
8368
1571
-594
-3318
7514
9428
9272
1617
-1328
-8822
-8666
-7108
7003
-2553
-146
8288
-5153
-6538
3616
414
5203
-2817
-5126
4193
859
-9491
-7491
6054
-7457
5311
-3971
4337
-4521
3151
-8461
-1073
1530
-9323
2598
6821
-3575
-4204
-256
-6898
8577
-7333
-5219
-6509
-3782
7809
-3462
-9529
3839
4777
1211
650
154
-4929
-9881
7001
3595
-9668
-4573
8152
-9882
-9162
-5258
7826
-9493
5218
-8235
-3916
7462
-1260
8225
-1318
545
-1410
-9715
-7988
6024
-5959
4957
1
-3338
6483
9096
-3574
133
-3190
-2354
2493
-9105
-8884
-643
2322
-7616
7321
-2080
-2473
-5564
-2813
6921
-7767
5805
-3426
-9000
2121
-1209
9797
2113
1899
1913
-3550
7540
5887
-9105
-6274
4312
7201
-1387
-6667
3382
-7047
-3453
8678
-5870
-7415
-4544
-2449
-1277
8488
4368
2704
9265
-2070
7574
218
6554
-2226
820
3867
9382
-7748
-498
-4724
-2905
-3024
-8265
-7940
-1778
9938
-1692
-2441
1910
-2030
4892
-5780
-7335
-229
5354
7397
-2578
-9348
6290
-3577
2723
3503
4931
-5575
6800
-9860
-6357
-2740
5164
1756
-9571
-6460
-4924
4827
-2505
5906
9601
-6559
182
-1756
-8632
7447
-8974
2467
1986
6330
3052
-369
1668
2220
-8026
6079
668
2428
-6832
6349
-4036
3323
6022
3140
8888
-198
3888
-788
-277
-9408
7734
-2932
-8483
646
-8402
5329
3492
8594
-8575
1922
-2798
-7206
-5626
-2667
7805
-6481
3763
-4009
-9723
-1847
-745
4360
-3425
1786
529
-1721
-559
3791
5384
-2253
-4396
-3768
4767
430
45
8874
5180
1652
-2883
-1968
-6524
-8505
6524
2074
6091
6918
260
-887
-8097
5375
-9241
1181
7871
-1774
6358
1680
-696
7408
6214
7211
4614
-9035
8859
3103
5777
70
7826
8946
-3901
-17
-6404
6731
-106
-5132
-1356
3385
583
6791
-4125
9307
8948
4388
-3586
3919
7483
6120
-5279
3328
2313
-5485
-605
-8268
9312
4064
-6617
2602
-9629
3295
3201
-4
5090
6719
6703
2998
-6386
-1857
6230
-6121
8814
8874
-9771
-2561
-4041
3077
-9797
7100
2461
145
-9967
-2555
3271
-3494
-9201
-6605
-7404
-8485
-2560
-828
-6772
1159
9138
-3825
-1022
-8538
-4988
-4386
8406
-1219
-9795
-1565
-9792
1943
3254
5962
9340
-271
-7123
-5561
-5024
-7842
7650
-6169
-990
9862
-9195
4328
-6432
-2900
-5165
3746
5138
9381
-8978
4154
1973
-8902
-6868
2280
9052
-3228
-6700
205
-9024
9012
7939
-3196
3610
-4022
-7979
4639
826
-2072
1251
1282
-65
-684
2613
-2309
-4699
-9800
-1571
-9954
-5147
-4154
3767
-7660
-656
5742
-3139
-6376
-3643
6160
-6436
-6894
-9114
-7084
2204
-2138
4318
-9948
-7730
7237
4774
3020
-5385
-8414
-7999
3184
-8391
-10000
-4082
4536
-7959
-4832
-7163
2521
-4487
5976
3886
-6063
-2860
2347
2693
3305
3804
-3056
-3940
6093
5226
-4619
-4030
-4686
-489
452
-4571
-3761
-3096
-7741
5513
-9284
-6028
-3260
1963
-5853
-8313
-6369
3547
-4522
-6123
-5482
-5140
7642
-195
8945
292
4048
-1485
-1365
-1390
-8255
8031
7367
-5290
9663
-9695
-480
-2830
-9531
-889
1506
-1414
-990
2066
-4730
-4923
5884
-4257
1244
3272
8995
8489
-2421
-1199
-2698
8558
-861
5728
-1184
-1924
4433
-9669
5624
2344
-3180
-5761
3257
-1720
-1295
7388
1561
7501
-6978
8618
-1477
9023
8106
7017
-2249
2937
6012
2113
3883
-3680
-2592
-4382
-8164
6362
6985
8497
6543
6875
3700
4875
9560
-863
6403
765
2207
-5696
-4446
-1796
-2667
6108
-2574
-3268
1423
1078
-4671
-3985
-9706
1913
6891
-7394
1031
3861
5233
8766
9556
-3789
-2289
4083
9609
-8396
741
2185
8447
1933
2638
-5033
5184
-5845
-2344
-6156
-9205
1269
7105
3013
-2241
-2784
-4743
8849
-4362
1511
7032
5914
-6248
-1391
-7691
-5503
-613
-2622
-1142
5496
207
5953
-7739
-4824
-7433
4056
-637
701
-7528
8699
-541
-8935
9492
2925
-8067
5441
-1118
3761
-3874
850
-454
4188
-5261
5924
7563
6694
9737
-561
4271
-1453
1213
9146
5475
7699
7010
-9920
-6555
-8169
5373
3352
9246
5008
-3011
9325
-2558
1019
703
-3688
6640
-83
-6475
7412
-8511
-6812
2950
6252
2502
-7769
-3194
6733
-9257
-5716
-1527
169
3586
-7539
266
6066
9966
8937
-845
-5874
-2008
8083
-6670
-677
-4615
-5741
9027
-9283
-649
-1449
2444
-4865
422
-3454
3982
9880
965
3934
-4680
-5825
-2984
-5027
6080
-8162
5850
-9445
9019
-8278
9236
-1440
-5490
-4784
3960
-5659
-1669
-5851
-2749
-394
-6101
9357
-4154
-5289
1533
-310
-3578
-5882
6808
-5822
5301
1566
-9414
-1963
8270
-6295
285
-4283
2781
2834
2610
-584
-9954
913
7783
9810
-6597
1058
1648
-7680
-4189
2318
-2091
2150
-925
-9727
9272
5963
4225
-4820
9985
2516
-9092
4021
-7929
-3332
-9576
-5611
-4759
-7228
-1195
-6088
-9698
-3711
1320
-3590
-8397
3112
293
-1927
1838
4703
4154
3515
2213
8969
3661
-6811
-9553
-441
395
-6363
9462
-4784
-9433
-4802
4204
-6992
-7129
2881
1312
4400
367
-8468
-111
-4399
-7234
2791
4324
3419
9472
-5446
-6060
4131
-6973
-374
1059
5918
-3297
-942
-6669
7804
-883
4795
9171
6207
-2752
8136
1978
-6391
7163
-1286
7634
4318
7346
3380
-4999
6123
-5884
-3113
5483
-3259
-9820
3264
9069
-6152
-5031
-7829
7290
350
-9850
753
1422
4706
3738
-5818
335
-8365
-2901
-907
2618
543
4270
-7255
-1329
1656
-2083
7284
8469
-4050
3263
7240
-1618
-7968
1259
7648
-5261
-6350
6116
-8287
9503
-2569
-2850
-8379
5336
1461
7604
-6764
-5196
-253
-9220
-2795
9075
-2730
7946
-4761
-7240
-9536
-4470
-6002
2931
-850
4929
2408
370
2728
-9441
-1918
5929
5277
-6544
-5862
-942
9542
-5754
-4113
-356
-955
3171
-2199
-8987
1540
-8880
-1431
-9769
-7052
6643
6422
-429
-4296
-1721
-5519
1515
5854
3233
4869
-8548
948
-2049
4655
-6644
3566
-5762
-7196
7728
257
-1443
-30
4156
1050
1320
8927
-1001
4404
3003
2375
-9559
-7593
-2779
2868
-7336
1513
4575
-339
3888
-4996
7819
-7935
8343
7779
-3462
-152
1393
-4982
-6811
5078
-1063
-856
-3321
-5209
-8339
-5941
7922
-3219
5094
-9487
3485
-9199
-4901
-2019
-3524
-5096
7491
4079
2521
6356
-5848
1483
3767
2192
-4889
-4593
8635
-8014
1258
-5064
-7614
-833
3969
119
9335
9407
2965
3483
-6988
4903
2266
-4466
8232
3338
1804
-3653
465
-3876
-1664
4969
3580
9421
-2659
5071
-4549
-7853
4652
-2757
-5550
1680
4781
5380
3662
2959
-7971
8155
4745
4727
-1279
2049
-5610
-7298
-9180
-9993
5484
-7860
9283
-8555
-2847
-6323
-7654
-3077
-3065
-749
-4993
6767
6185
-9570
-4177
6004
179
-2610
2035
6171
8436
868
2464
-2521
4777
-8321
9420
546
1649
-6845
43
4169
8018
7410
-2225
5119
5759
-7193
925
9259
5098
-8561
-1029
5124
4320
6969
-4901
-7934
3650
8479
-2107
-9187
-2943
-9371
-7264
8728
-843
6219
-4465
-9662
-946
8538
-7937
93
-7708
3437
-5283
2836
2186
-6837
-3932
-2386
8367
-1686
-1835
494
-4107
1713
-1741
718
-1205
-292
-4280
2560
9839
3719
-6463
-4564
8265
-246
-8810
-8838
7961
148
-5495
1828
7740
7353
-5900
2648
-2331
6099
-9585
7314
1228
-4578
-9700
-1504
-5378
-3233
8490
-1017
-2314
6326
-5306
7008
-5141
9720
9037
-350
-1439
7286
4834
9909
3791
7319
8821
1323
7290
-3040
-3408
9023
3233
-1849
-7496
3308
7752
-7969
9082
-5665
-9497
6034
-466
-1019
-6936
-6238
-5201
8736
6447
-5879
6896
-937
-9758
-1534
127
-6695
4512
-1528
-5043
661
2674
-3842
-507
-2554
8100
-822
-1445
-5453
-9043
7302
-4396
6449
9684
8214
-9336
7792
1596
166
-8140
-4525
3289
1557
-3158
1640
-9716
3162
6418
-668
-7794
-5926
1603
-7992
-8214
3578
2985
-177
2121
7505
5292
4944
4519
9288
-9682
2229
-4237
811
3572
-723
-1740
-2170
7023
7853
2156
-7795
-2836
2020
1443
8977
5020
-8993
2109
9670
-1048
-5047
-1238
4882
5003
2148
-1185
2120
-6016
2632
4978
3062
-7968
-1201
-9382
-747
-6631
2867
-866
4309
4786
-5914
-701
6587
-8239
6812
-8367
6342
1451
-7442
-7033
-4652
-7477
-6877
9642
-3203
3346
-5562
1271
6329
5687
9223
927
5031
-2319
7702
6253
-3835
-9344
-6616
2755
6676
453
2888
380
-3793
-3933
7925
-7282
3567
2496
6504
3481
-2159
6174
-8121
-4629
1795
9574
-7626
7080
9554
-2354
-8176
8405
-2574
2594
9594
-1897
2566
-1099
-1465
8359
6699
2757
-4693
-6619
9887
8961
-457
-8865
2637
-188
9729
-700
-6474
3584
8178
-9315
1739
2300
-9127
2649
5035
3665
-8207
1950
6593
478
4912
5225
-885
3879
8904
-1773
1759
8135
1927
4523
-1715
-2123
7128
-3084
-784
2558
5927
-27
3507
-6522
-2682
2055
-1623
1195
-4918
-509
-2061
-4171
9767
-9185
-9417
-9238
-9414
-1317
-2925
-2464
-5794
-4187
4036
-6983
-6705
4437
2894
-319
-8258
7950
9697
-1635
-9909
7625
-898
772
5066
-179
8766
8923
4687
-1529
-311
6141
5080
-3373
-7933
4978
-5432
1597
-4112
4765
-9885
2324
4396
9374
-6853
633
6986
-1472
-6769
-874
1208
-7625
4535
5410
-4207
-8536
-3367
7034
855
-1954
1044
-7407
-3643
7997
-8540
-3228
6702
5406
-3800
-3481
5612
-8440
4671
8874
2716
2327
-1621
-8009
-3135
-6532
4854
126
5328
3751
7858
-9343
-9776
3973
-6396
8216
-3244
8820
1444
4416
8471
-3301
4108
-1146
1979
-2211
8146
-1113
-1536
-3088
-4011
-1247
-1866
2730
-7104
5947
-8062
-7037
-1604
-6288
3839
-3563
-9891
-4074
8117
5598
-2191
2962
4630
286
-2249
9106
6590
3712
5624
-891
-59
-7115
171
-3304
-6983
4011
-5583
-6013
-8341
-7095
9474
9775
-2307
6291
-4239
4936
-5385
1940
2112
4101
-2577
1675
3218
6005
2504
-1635
-9976
2618
7397
7452
-9350
816
8662
613
-8708
1592
-8156
-9758
-9269
-6286
-3592
4347
8985
7270
-8229
-9450
10000
9487
-183
-830
4718
-1492
-8538
31
-9253
-6818
1307
-1301
4537
3932
6818
4158
-4996
2975
6888
-9413
3883
4685
-456
-1624
-865
-723
4151
-4094
-6981
-4476
4736
3711
-2881
1818
-7478
-8335
9817
3156
7286
-5170
-8004
-1564
8486
-3911
2626
-783
-7637
-5487
2209
4392
-4346
8743
8919
-2905
4645
6533
5900
-9597
7506
-9972
-520
3990
-5298
-3883
3595
-5917
-8331
4213
-3805
-6724
-8189
5419
277
1712
-5164
-4853
3928
6593
7890
5399
5250
-5764
3932
1669
-9014
3206
-1500
-4266
-7699
-4083
-6283
-8879
-7
5935
-4411
-8297
543
5439
-2244
-2231
1181
6686
-8137
8468
5286
4947
9159
-5974
-7492
5218
-8129
-9078
-7272
3643
1172
-9749
-6216
-2036
-6871
-6722
-7298
9252
6294
6951
1987
3211
-4590
7171
-8582
-6634
1708
3044
-4761
-9393
-3473
6428
6014
-7522
-4525
-4958
6026
700
810
-233
6517
-1795
-5361
176
-5818
-1812
-6820
8434
7842
87
-5147
910
8137
4749
8081
3316
6624
-11
-5179
-8840
-4630
1358
-8583
-1455
6547
7977
-5608
-4760
-7245
5916
-1219
2123
3540
310
-4196
6750
4712
-8871
6990
-4758
-1325
-4091
2121
7296
4353
-2154
6365
-2567
2592
-9411
-2371
1285
-3227
9307
7158
-5431
8340
-1362
1665
-4894
-7326
2700
2040
-9765
-1563
2024
-4068
-8029
-3396
717
-6307
-7637
-2883
-5873
4213
3102
6631
4642
1230
-4896
-7004
7589
-5336
2818
1837
6442
-3695
5921
-2563
9453
-9742
-3717
2499
-9869
-2108
3123
2489
-2077
-5669
-4306
1236
-7210
4848
3078
-4793
-10
8199
1243
-7618
7512
-2651
-5867
-2406
6593
1455
8173
-6222
-7356
-8738
-5131
-9022
-1112
-4733
5676
878
4363
-2597
-9474
8053
1454
-3128
595
4323
3857
-9826
-1304
-2470
-9502
9601
4909
-3480
454
-9481
-3309
8912
-5927
-6998
8316
3586
-4369
-5915
6767
4536
-6669
-845
-6585
8816
313
627
-6105
-9018
8205
-817
3078
4553
8874
-5848
-3426
-1877
8791
2195
-2997
8182
3548
-2480
5297
-2005
-9305
8634
873
-9186
-1531
-8321
7409
5294
1816
1203
4377
-3979
-9775
8614
4459
-9709
-5852
-5004
-848
-8861
3917
6744
-3151
5141
7976
-1751
3433
5761
9164
472
-7119
6308
7615
-4983
6340
-7045
3596
899
8249
-7038
-8105
-9370
-8768
3175
-7295
4028
1033
-4717
314
9092
-3799
5349
6829
7993
-5882
-8228
2252
-339
9390
3901
-2032
-7832
-9811
-5694
-8473
-8969
6550
6530
-9551
-6839
7351
1657
-3535
1673
-8070
-1332
-9140
-2261
2469
-7653
3146
9492
-7778
5490
-3428
3384
8919
-4008
-590
-7517
-5126
-6382
3055
3088
461
1416
309
7750
884
6551
-8969
-8850
3616
-4837
4276
4972
7008
3128
-4525
-7593
-5471
2869
-511
-5076
5301
-2129
1966
2187
-8268
2474
-5387
-8196
-9749
4070
8547
-3234
-8857
2817
-3364
-6887
-978
6126
-9821
-8744
59
2919
2089
2309
1160
572
-6483
3720
-9309
-2891
-1687
-863
389
5536
-3200
2981
9725
2260
-5712
4730
-4257
-5713
2174
2493
-2328
9020
-3301
2777
-9771
-6469
-3669
-9500
-807
-3975
-6412
6480
-7242
-7826
6386
-6465
8719
4599
-8571
3577
1936
-7729
8231
-1940
-5404
-3522
6132
66
-9713
-7748
7908
3718
8479
-560
-4190
-2075
-4159
8833
1410
-1480
5287
-2112
1572
3698
6015
4212
2052
-1731
-7720
4243
-1927
9055
-5261
-8858
7365
-2432
5030
-2913
-4841
-4832
-8145
-1915
4288
-6427
-5396
800
5072
-415
4703
-3385
9993
-626
4917
3782
4151
-1080
6966
-8196
9468
9713
7894
-9586
-3259
6074
767
9572
-7092
-1443
-1328
9845
2615
5334
-8231
5059
8330
-9884
7678
7646
-3370
-3985
9433
-8079
-6
382
-3859
-5971
-4338
-1442
-8157
-8161
-9562
897
9977
7263
1609
-6679
9431
3248
9743
3674
7380
-8684
-5780
5924
-1463
-3251
-9142
9173
7191
8444
-607
6599
-7590
1240
-5184
-6657
4009
630
2886
2708
1411
8507
6092
3658
6667
-2653
3000
-5200
-1502
6776
4766
-1354
6902
-4158
2388
-4686
-5185
-1534
-1052
6902
-8393
-61
5527
1814
5216
-506
9068
6273
698
-8489
-9182
9472
-2359
-3645
-3862
-8956
-8384
-9516
-3510
4684
4247
1028
-631
794
-1492
8952
2193
-3772
-6767
76
5108
2964
337
-3573
-5346
-5045
4469
-1366
-23
-623
-9532
8750
990
-5839
5132
3477
-4304
9192
-8518
-6235
1850
8553
-1370
-1529
-970
5814
8170
-5056
-6084
3779
-251
-687
-7875
8226
-8306
-9183
1755
-8117
309
-9422
-8707
-8004
-572
-2334
-4923
8104
-5455
-7093
4253
2975
9532
6798
3173
9170
-269
-4707
-6062
268
4393
1991
-553
9904
1373
7378
3856
-74
8069
9466
4441
2727
-3982
-9462
-4408
-9393
9351
3443
158
-7659
-5240
6963
-6511
7140
-3660
161
9832
-5207
-7007
1793
4015
-3133
8621
-8540
748
6290
9501
695
8499
-2025
-9861
-471
2644
5969
-7477
-4674
-8746
7875
1772
4102
-7650
-6826
-3529
-5327
6671
-4256
7015
6765
-7576
-6328
1892
-4905
9627
1533
-4932
6503
-5018
4569
-6108
-1112
-871
-5524
92
9745
-3103
-1930
8648
-3922
-4614
-3335
-2345
3496
-8526
216
5455
-4366
4107
-4036
6193
2961
2343
3194
-5823
-8588
-1518
1519
5169
9513
-7006
-6243
-4600
1927
2562
6145
8708
-6736
-5241
3117
7046
3787
-8117
5867
-5003
3464
7916
-6694
156
-7725
4232
3240
37
4302
1933
164
-6731
-8192
-1349
-3342
-2722
-2982
206
-2064
-6037
1793
7213
-7245
-819
-4441
5158
-8481
-6982
920
-2779
-8767
9240
8782
1805
-6541
-5844
-4457
9830
9155
4647
-3607
-3302
-3544
5484
8091
4642
-2289
143
3341
2582
4963
-8175
-802
7742
-4365
-7862
1014
445
-2906
3116
-7581
1416
644
3435
4367
773
4262
-7407
-9002
1076
2301
2271
6272
3803
-5960
-2508
-9551
-5443
8054
-5133
-4850
-6289
9624
4809
8138
-8073
-2190
7737
4375
2754
4459
3564
6884
-4161
-2410
6827
-9083
7965
-3638
855
3281
4318
-9686
-9189
2675
6903
-5557
-7561
-2796
3006
323
-9979
3942
6209
-3504
151
-1923
-2629
5980
2033
4713
-1118
2976
7257
4355
-4456
9864
6782
8622
-343
-4069
-8765
2329
8651
-4693
1508
5801
4979
8724
7759
-54
4730
7074
1032
219
4786
9657
2778
-7069
-2677
7801
-8963
3618
-9780
-4983
9132
-794
-8247
5048
-4720
2200
4656
3137
2882
-6774
-6297
6097
9501
5934
6001
1642
-455
-6824
-6948
-5752
8557
-8502
7586
2056
-4520
-3323
1830
1208
2620
4928
-5906
-1019
-569
3928
-3856
8782
-5743
-5897
-1306
-4648
5649
-2842
4806
-7511
9844
6765
6957
4251
5497
-6640
-4102
-9165
-1072
-7537
-6399
-7032
-7535
-3889
-1176
-9083
1008
-2376
1237
-2922
-3316
-9378
4664
-3270
7171
-9962
-6545
122
8777
-4113
5765
-3061
7198
-485
-6466
-9200
-5666
-2344
-2927
-8899
1100
-5558
-5714
9085
283
3737
9657
-3062
7815
-6683
-7338
9674
6341
-2470
8058
1972
-1344
7472
7746
-9336
-9010
-5910
-1368
-8824
-5433
924
44
2966
5059
3898
1630
-5430
6287
7798
-5862
2904
-3349
4715
-9990
2633
937
4385
-6821
-2583
-8941
4125
-2920
2180
9964
1384
9026
4239
-5710
-2431
-7953
4988
-7962
-1679
-6406
3747
2253
-5992
-5916
-5758
-6227
2641
-5599
-3184
9513
-9517
640
2651
-1550
-5234
-1617
-7388
-2227
3709
-314
2646
7700
-5236
-5317
-2018
6814
7505
-2121
7613
-290
-7391
942
9963
-1233
602
3332
-6483
-1347
-5856
-8500
2174
9495
4340
-3731
-1073
4766
2891
-9771
-2164
-8219
5120
-2483
-1373
1521
7806
75
7878
4271
6092
4723
8162
937
6599
7848
8575
-2220
1268
3205
277
-4126
-3992
9988
2057
268
-2558
-2712
1169
7447
-469
-4670
-9982
-2686
-5804
5001
3123
2871
5330
4630
-8660
-3551
-5428
-2134
2875
-8434
7840
2631
-8419
2623
2833
-1520
2800
-5892
8551
-7765
183
-8647
-9659
9268
-6770
8963
807
8277
3020
-6842
-1592
-1019
1198
-5156
3313
3898
69
8928
-3942
7780
7207
-149
1058
-6804
-2488
8333
9771
3146
6274
9108
-146
9591
779
7288
137
4222
5171
-1161
9823
-1094
3679
-8625
6890
5134
3711
-6146
-6319
-8022
6765
3082
2130
-2464
8932
-6695
9576
4704
8757
-9718
7692
7174
5025
9555
1666
-852
3871
3462
796
1846
7835
1720
-236
-9709
9538
4501
2088
-5721
3662
9456
-9140
-4056
-1515
-5989
-4603
-5253
-5439
2803
6318
9945
9397
-6896
6683
-2928
-6167
9897
-4439
4958
-6120
9897
8930
3777
-139
9092
-3244
1461
6592
-5991
5815
-2086
-5854
3257
-9264
70
-6062
1241
3335
-954
-7613
-6482
9934
-9640
4101
-2381
3630
7935
-9051
-1041
5103
-6613
5004
1315
-9658
5950
565
-272
-5662
2623
-2331
-9184
3149
-8760
-3496
3782
-9884
-1950
9787
2136
2456
-8122
-4524
-4855
3336
4447
9056
779
9931
4423
-7576
7294
2776
7850
-9312
-687
-2726
1100
7875
-3410
-5177
-9906
3632
-4556
2854
-8244
-6488
5400
3927
5216
-5951
-4164
7256
4490
540
-9380
-1023
-5277
-460
-7612
8468
-7359
943
5159
-2242
1640
-2183
5151
3415
3286
5090
4111
-4781
4441
-5361
9610
-418
-4146
-8562
-6561
3242
-9445
-9372
-6123
824
9908
-911
6114
-9964
-77
4393
-7677
5329
4409
738
-98
6012
8407
5946
-7878
3505
8323
9294
9798
7519
2516
-9629
-6268
5312
-7897
6143
2335
5460
9263
-5894
1950
186
-144
-3564
3065
8433
1319
-4651
291
6882
1653
3545
870
-9580
-3175
-1201
6813
-8723
6723
-8980
807
133
-1245
-555
-5297
-8136
-2357
4704
8181
-9035
-9985
-713
-5105
9830
-5096
-8137
-5611
8875
3030
-3299
1401
9614
4670
6029
9939
2129
4347
1188
-4890
1868
-1764
-2648
-7942
2337
4311
8104
-8664
-3054
-9333
9160
-7022
-9975
1662
-2030
-7348
-1715
-4298
-2080
-6959
4596
-6389
9571
-6616
-4717
7631
3538
-5962
7150
7407
8409
-7919
7337
-5062
-7587
-5139
5147
4427
4860
-2867
8914
9538
5984
-8039
3881
-6970
-5907
-1359
-8949
2815
-2151
2814
-6445
8521
-3987
1821
-6763
5593
-9438
-7696
-1311
7603
8885
9480
7887
4045
3034
9372
-8313
6492
-5771
5539
3960
-7027
1770
-9941
-3806
-6467
3805
4055
9496
-4683
-4685
6119
-7205
-8534
-822
4707
-2358
8303
-7710
9697
-7790
8263
4311
-9869
9996
-3276
1223
-4327
-4199
1189
-1889
-2277
6055
-3828
2409
4885
6478
4364
-230
-7777
-7392
-5130
8282
-1979
-2993
-2939
9985
3644
-1926
7482
-5180
-3055
-4055
-3552
7948
-9986
9403
-8353
4359
8721
-7548
-5648
-5915
-1316
-9794
984
-7404
8408
-7277
-3009
1259
-185
-3713
9721
-6179
6670
6358
-6815
8074
8790
-7356
1057
-2036
1990
7075
-2326
-4244
8156
-3008
7333
-1521
-9322
-1084
-7034
2790
-7232
8127
-8689
-5413
8223
4964
-5697
5849
-4225
4094
3899
393
-6383
1430
3863
-8437
-7039
-825
824
4917
6404
-7243
-1463
-8945
-6019
-9216
2850
-2055
-3416
3849
-9089
8645
4958
8015
-8384
2413
744
9576
1487
-3295
-1957
1925
-8393
907
7321
-3954
-6078
4306
5770
7694
