500 13 50
346 970
699 246
768 56
886 988
978 771
759 684
531 300
757 964
62 77
203 41
457 515
219 8
488 413
819 951
410 936
764 995
117 203
999 911
756 785
557 740
29 131
835 77
840 148
957 339
722 755
491 317
176 443
975 974
449 666
858 257
12 435
856 747
670 248
580 874
998 797
532 863
736 672
232 537
258 821
251 430
526 797
744 458
431 998
301 272
947 918
314 358
262 543
624 901
762 797
256 482
32 344
197 18
985 339
230 837
165 414
153 88
516 294
78 905
318 550
805 90
367 710
401 607
830 837
637 159
525 129
357 690
533 38
705 652
734 384
696 585
837 497
49 247
545 710
823 769
108 70
574 914
578 290
842 306
140 946
494 12
555 744
602 593
447 544
927 70
995 149
740 562
187 255
131 746
990 825
383 97
982 890
618 838
795 135
188 636
101 181
332 106
335 698
364 997
767 407
778 737
119 716
212 203
406 471
428 469
248 636
111 34
66 174
463 679
240 1
686 831
241 206
352 127
598 803
973 429
443 511
960 857
698 777
554 552
72 917
575 514
581 796
2 189
255 384
987 584
106 652
964 487
913 82
728 847
41 32
138 40
342 9
673 662
368 621
607 748
984 892
956 521
279 403
741 995
577 473
269 749
644 267
622 534
95 987
917 342
932 896
354 279
521 65
769 266
682 595
965 714
507 932
568 191
19 423
291 375
361 104
120 995
877 154
848 73
284 582
337 74
121 680
202 619
625 624
881 867
69 589
900 803
297 532
47 741
688 431
17 844
386 508
441 700
50 886
804 328
287 772
717 656
358 911
908 74
582 983
493 557
453 918
430 381
713 362
576 379
745 1000
787 982
37 830
20 387
307 236
373 389
55 113
709 244
445 9
513 573
825 987
821 626
455 904
542 836
509 277
662 200
942 78
333 278
221 712
282 258
708 528
868 954
845 141
761 220
70 398
916 531
51 689
594 85
969 1000
400 482
668 165
544 961
166 75
377 51
462 621
700 566
599 114
100 974
976 700
674 660
693 474
716 88
656 611
971 65
40 895
604 59
456 465
813 14
60 99
522 102
159 88
426 262
132 349
796 252
882 505
753 960
73 160
133 559
527 445
424 421
547 964
114 911
179 58
523 826
974 891
601 345
172 142
320 735
748 761
64 911
831 914
962 674
35 104
312 544
477 958
991 242
617 421
113 963
958 553
983 887
711 303
115 902
546 993
524 298
642 205
739 357
451 795
587 556
149 550
605 376
155 133
808 559
702 62
506 817
729 5
515 812
128 933
649 726
142 703
164 722
663 712
627 107
389 999
981 66
615 906
606 314
215 227
749 695
157 546
966 540
640 910
843 696
738 798
173 628
874 285
107 554
953 777
43 216
584 666
518 745
608 213
498 339
393 154
9 638
461 938
505 230
863 87
695 145
311 902
915 967
265 619
122 274
903 914
920 916
936 983
820 473
746 367
98 179
788 638
341 816
413 345
660 487
61 14
540 454
252 359
873 227
810 214
286 131
496 116
567 390
191 199
261 557
135 646
469 506
543 569
832 622
16 722
836 87
280 943
807 126
80 957
676 135
58 991
31 212
391 233
213 532
418 474
471 795
938 82
701 551
790 860
416 991
1 538
894 170
483 676
442 419
490 570
514 141
475 704
421 837
454 862
310 325
160 672
76 997
888 884
687 258
812 145
87 50
93 898
34 117
519 87
789 903
731 416
267 476
233 807
639 708
760 491
88 324
144 48
231 638
21 560
381 320
852 205
572 820
177 543
902 842
414 984
272 921
25 615
535 371
860 787
151 96
53 302
704 882
38 556
611 180
822 930
339 804
363 90
763 82
257 11
645 773
758 384
417 937
658 844
167 162
755 606
298 113
134 652
815 608
444 913
388 590
631 620
77 632
479 310
309 103
892 473
650 783
395 101
867 320
934 138
199 761
181 432
285 889
209 571
579 429
499 58
773 511
802 705
945 708
207 146
460 249
484 456
492 131
859 587
378 763
949 855
86 799
986 269
156 770
11 447
143 743
961 842
268 274
972 732
851 340
57 713
797 288
349 591
799 142
362 836
893 29
223 670
979 885
779 822
715 877
691 215
234 336
621 517
452 29
562 181
501 229
952 283
162 337
538 437
465 353
329 983
476 529
680 185
951 319
184 602
22 535
652 983
482 401
487 38
866 147
967 707
500 10
657 232
103 553
495 697
743 664
486 292
28 419
13 17
3 223
827 256
150 71
798 518
730 138
97 31
214 76
592 975
672 466
91 198
635 665
