10000 66 1783
91085 825
76872 688
93294 872
63881 501
46226 174
94708 171
92397 295
46181 191
77847 236
10202 94
47988 578
4068 180
45393 758
72936 189
4941 439
47143 387
21609 565
366 827
44261 423
58421 194
93184 835
3226 165
88474 520
71874 342
54622 970
36858 157
23197 410
691 134
33476 679
31980 668
47198 182
62891 147
67758 407
24312 157
92186 286
26111 34
35962 305
97196 479
31231 679
48231 797
12048 429
13134 239
23442 610
12263 373
16392 73
89237 137
28313 209
80746 610
74676 791
3879 487
7355 385
27628 833
24594 459
77801 786
39634 169
8832 935
97278 135
54324 654
19895 503
3516 376
15280 755
77961 39
95166 205
57826 230
16132 820
53495 603
55113 51
30828 70
23113 930
7618 343
80523 938
24399 450
26330 844
12328 494
88688 718
68903 97
58347 332
9501 744
53037 641
84397 137
98431 383
61451 286
13007 38
7988 704
38208 45
29709 590
57690 549
5870 785
69882 577
60850 903
50331 364
81080 742
25086 970
88370 145
28866 951
2450 116
85985 209
83146 308
36432 204
29630 126
36909 797
39173 889
7040 535
64853 453
92910 283
81192 239
47590 713
1538 489
59965 931
86038 955
5453 723
91079 381
12797 135
93429 949
98212 522
31045 938
31211 397
93591 425
21102 669
72115 841
44540 272
46766 370
49859 993
57311 162
28867 731
52188 776
75015 621
45225 450
58665 788
2020 638
8436 609
56435 951
76671 545
4717 718
60395 751
5012 468
57392 421
5944 485
8418 675
94088 802
55889 387
77431 566
57162 402
32581 270
37405 288
82699 701
84745 538
63886 709
75987 386
30016 167
56373 843
42909 345
31520 282
2681 16
38870 555
48724 378
3665 512
59229 456
14076 717
79480 792
95407 246
26682 223
36506 250
71548 679
14152 305
25966 766
39383 473
33802 779
67877 840
13838 493
72516 869
8571 708
27003 720
10585 97
68648 343
20527 243
54653 109
81553 262
18216 763
69209 436
70488 280
79947 640
42498 771
90174 206
5781 812
38373 58
94054 196
8272 507
40036 337
48000 860
42719 651
9935 793
31284 722
41875 496
80637 455
85387 896
33978 357
50815 89
97248 924
27744 772
45417 412
88349 422
94555 250
52021 2
1023 414
53417 925
21171 66
69721 772
31218 244
61287 186
76924 174
4497 622
82223 565
16711 161
54163 390
51393 658
74927 540
70472 350
49000 305
69830 452
19101 148
20121 200
79333 434
20082 809
67325 140
71086 648
64772 688
15531 779
82763 9
48187 35
59773 744
11984 226
99800 536
57811 398
23234 936
97563 593
19886 952
84398 160
83224 657
65022 494
16772 189
10536 675
56328 7
47192 901
4673 774
8201 863
92155 598
73486 91
52202 647
83369 747
36583 517
53246 711
14835 936
9682 204
43841 400
32484 889
57677 691
78064 831
75444 541
9847 132
1097 92
81355 642
68717 240
18751 378
73381 25
17993 480
98042 507
99180 983
70621 799
60800 941
79930 965
44942 447
33364 803
24722 306
73369 865
16919 687
93021 432
20387 473
6100 947
88405 309
47527 752
36644 717
50827 842
12181 590
48016 928
30884 732
578 358
17946 618
43238 341
75719 301
61419 56
28019 637
35435 886
59844 589
40212 292
85769 385
58705 394
8602 728
86366 639
6228 560
77895 830
21846 594
90630 891
97328 178
19828 352
45431 312
61267 363
77563 541
60104 384
87567 456
77198 904
28675 794
11659 222
55854 196
60097 517
1769 722
83499 793
52498 601
80584 659
93828 874
63415 962
36240 733
24381 990
14845 324
49089 596
95314 702
19773 775
56988 503
78434 770
71846 147
74097 968
49268 783
80718 739
91102 572
40517 751
63419 680
63690 347
18525 164
50498 676
15915 620
99839 343
95324 664
28785 363
67505 390
34958 326
53780 379
2255 282
30603 125
64240 797
34692 720
64509 78
95021 373
39344 147
43805 533
64076 536
96704 687
52786 659
22052 831
62002 76
5551 556
55174 295
66563 312
86810 902
67810 772
67554 268
26004 403
2498 590
49266 150
23438 696
68674 522
25225 416
42443 701
68376 787
74043 65
11833 434
23893 559
45554 491
3728 280
58541 363
76591 743
53457 575
36411 68
65095 144
33431 293
6273 895
56504 603
52631 63
61613 134
40912 356
99312 498
53490 593
12579 305
84658 595
39616 921
23186 638
37769 32
66844 248
64773 32
42781 69
27392 613
45481 127
47985 38
86185 932
28042 567
68303 645
775 271
69913 745
5808 332
47693 502
74581 477
70167 233
83079 594
2594 84
1867 667
58719 933
3941 48
30839 447
82115 422
93072 804
89348 854
13016 892
34726 323
26766 99
61383 494
6354 610
48741 187
6724 215
99221 475
57559 609
76517 282
22331 314
47300 295
16276 709
86636 305
70168 155
68513 448
18799 471
16332 958
63956 683
36376 703
61570 280
72873 807
46715 317
62283 423
44359 138
4136 110
2568 922
69697 618
11108 602
51620 954
34396 45
26051 335
4369 903
62792 360
71762 7
94726 480
65158 976
19184 478
50765 505
41975 717
49261 459
96864 780
86255 123
5218 136
41757 677
68992 115
60794 757
63330 645
39823 642
41475 139
8228 651
97465 64
20921 732
41239 880
83448 589
87460 678
2417 712
7896 447
44484 802
2991 969
95121 292
85288 748
29345 311
63847 681
33141 110
90964 642
69044 662
10374 837
79789 574
68306 832
54718 472
66592 261
56051 941
23368 90
10218 454
97100 517
81819 601
91441 721
24014 453
6373 369
88358 657
92848 881
63204 438
81002 975
1204 431
57051 656
42265 579
33696 99
9212 603
85661 4
38107 528
32795 142
7151 532
83829 753
63994 556
77145 261
52393 441
16000 487
49544 66
75581 285
34430 492
46809 205
2483 697
90542 947
76071 410
41420 655
92413 322
69336 875
80942 895
54050 230
20066 429
75032 949
32029 303
51565 578
6888 255
12950 946
3765 337
6640 995
17771 299
17503 30
34731 495
48045 76
39234 501
55939 423
32304 483
34988 622
94402 692
67341 787
92741 427
12964 346
27858 213
39389 63
91979 319
85893 821
36647 978
77181 115
81320 696
85465 2
66807 496
90910 305
20647 852
39864 54
19656 837
35744 343
88961 376
84192 563
30363 258
60936 887
71579 805
58365 609
83022 659
97811 961
52762 297
93062 265
83381 543
99269 982
36698 190
52783 677
2059 668
87485 618
42442 980
37766 557
22937 353
87808 66
40616 830
69854 968
91064 620
6508 726
95501 711
43705 190
34153 942
13399 107
43960 323
55558 212
2676 872
26394 147
29254 660
4073 977
87513 370
78148 896
4036 29
40990 27
18533 722
47571 217
63809 80
53987 714
30496 799
80907 795
25029 923
90175 567
90454 254
41010 951
40436 468
36049 500
95343 877
67937 577
12142 257
17887 401
16837 363
4738 354
35788 279
98072 316
79090 699
37121 804
60194 759
30110 420
2011 635
2684 458
77449 43
82927 956
42279 916
46700 339
78871 868
89219 616
80449 732
69477 838
21244 71
72423 363
52091 770
70732 395
12908 607
72813 805
64094 398
71766 520
59240 135
31228 980
93750 910
78955 786
72306 179
61035 558
28281 331
79290 964
10933 360
52578 188
42672 534
18756 838
50543 158
68724 613
36372 673
77522 563
9600 445
7606 596
96896 525
22887 874
38628 408
41810 308
27158 227
52847 787
88912 581
23085 949
54164 308
11835 569
24482 279
44112 793
36077 355
79324 978
79961 818
61610 442
41349 732
99564 656
74192 364
27224 505
31552 319
6805 540
72413 47
84963 827
13760 960
92690 416
54235 374
20044 372
12754 368
11691 703
72448 641
20371 697
4391 643
37723 722
73964 335
82443 678
72763 167
53744 329
52489 381
48263 668
95549 237
98785 522
92418 107
96232 34
66404 507
52713 487
58311 717
75992 778
13567 613
88695 493
74365 327
717 627
43775 591
90873 207
99457 85
37077 91
55676 542
7196 831
33704 191
1175 496
35039 25
85911 654
46554 869
86404 86
86516 373
95156 620
50819 74
38199 167
77507 305
4771 300
83406 260
52772 538
98912 355
97696 202
95136 750
6825 715
67934 580
30124 60
66935 599
73118 243
77628 613
60684 449
32634 236
61024 68
4577 630
68543 202
13190 957
20386 245
2300 257
85218 292
28037 415
99600 513
64750 336
59932 993
69050 156
201 73
21326 186
5310 607
74528 162
49029 171
36106 706
47105 924
75948 346
65257 59
13685 123
56597 355
17834 647
31172 423
13379 218
45264 233
95372 929
31772 158
75267 979
14242 623
43995 410
86152 111
30214 401
75049 798
10172 467
80144 230
83948 102
40884 258
12502 259
46126 296
88625 494
93686 355
3146 760
46070 346
342 648
81451 579
6795 893
56499 774
50001 699
46389 295
32906 898
99163 714
73504 69
32314 550
57032 134
33388 441
51408 97
64972 32
83147 208
92941 904
36999 585
11909 331
28324 416
32192 713
2171 686
90622 914
32220 330
4610 303
43134 702
82786 383
78275 761
35747 494
80732 100
61332 643
83963 253
69168 36
83283 876
51038 257
37331 609
42228 500
72560 804
90592 943
65583 461
98166 175
83136 247
9906 657
67395 342
93020 248
37005 801
90283 96
3183 151
89286 362
87860 557
67075 98
54728 898
73777 766
14311 957
9661 273
19753 96
88022 315
33581 559
17429 86
74893 54
74267 878
59082 73
32364 376
62320 53
98766 666
67724 162
35765 673
46408 65
73269 769
13058 629
80836 531
43982 587
13258 28
10110 431
21191 282
61595 997
45778 271
15505 729
94082 613
24063 953
71083 96
13386 643
14360 30
96229 116
43140 446
90727 146
48108 304
36021 764
92269 270
14312 752
65695 448
89276 372
50451 71
93097 473
70031 398
51734 535
77296 781
2159 928
74598 657
25575 806
2384 539
50352 610
19469 358
15586 668
20967 956
69315 177
58042 360
30157 110
78126 354
76299 857
18539 129
45991 525
85757 402
35861 131
62876 694
8369 649
67195 343
31639 678
60013 452
90144 101
74610 957
21521 45
65197 239
32606 39
84098 578
27624 836
72088 321
40785 988
1254 447
26977 797
29784 406
33094 488
42700 626
9567 434
96865 167
65580 250
32664 832
35686 288
2447 735
21673 925
11106 60
82179 71
65413 963
13351 288
83109 366
87438 847
47368 496
1736 248
74523 886
45083 238
55220 263
85580 928
20755 369
11826 904
5555 866
79427 281
69562 827
44024 462
40350 647
78342 890
23270 814
92163 341
59852 26
90686 914
17623 991
9777 8
69850 263
3599 218
83311 913
38113 337
29298 36
53378 206
27011 564
16793 645
57513 189
77789 908
10354 804
62690 219
75540 838
58774 350
93142 27
62334 507
32880 854
34661 923
90499 919
32403 200
31378 78
59808 928
83709 442
81184 655
21939 394
474 426
26447 854
64533 532
71889 296
32676 125
83926 838
59973 689
23078 593
89136 774
24421 365
63049 324
91975 740
4917 776
28121 135
73873 404
30532 20
44028 369
85350 208
30287 412
74001 327
73521 739
31272 206
52895 526
4590 641
20069 373
27277 228
72139 259
23545 246
33755 415
81405 995
41604 736
34936 783
52394 267
48442 440
69774 873
38119 556
7965 252
86576 9
43926 282
66542 722
65905 80
81638 413
76363 682
42141 627
48144 202
39036 819
93169 997
71867 712
14545 53
78970 518
72283 316
30974 816
99897 914
9311 175
16990 914
10048 683
69644 489
5795 942
57721 907
59314 151
23465 986
27105 113
17225 191
21115 457
74163 700
79259 367
93878 984
65040 241
32829 911
6483 562
29375 396
91381 68
11749 205
59998 44
70365 282
20701 147
71861 881
49880 787
43634 232
88591 407
69545 186
75579 666
78732 810
1170 284
53267 131
7872 898
5898 223
85264 514
31748 457
82194 928
49126 639
58118 964
20123 739
10007 248
83397 312
27463 800
51156 536
25316 692
27584 967
9147 900
86538 818
55818 276
74956 913
83323 556
83095 295
36572 630
29669 312
89135 111
844 254
28363 815
46463 972
24809 914
43497 922
18347 303
81850 198
51180 28
94739 959
21917 834
64860 603
47460 503
68317 615
20775 499
62952 634
4434 379
26583 873
22791 425
34953 824
85238 463
44549 604
78663 456
95730 143
21920 187
85022 939
93352 669
10185 538
61971 830
13591 931
88198 370
87042 468
84729 343
92711 183
87447 419
78028 169
58059 861
95159 503
6330 236
12415 743
14969 788
93000 811
65565 455
94439 171
6615 17
66765 497
84323 253
95908 340
57863 295
34393 680
4946 822
54451 717
25351 289
70591 541
3519 572
31981 417
7849 651
98776 657
22055 211
56729 720
43851 962
60471 121
83134 945
61159 228
40062 748
96277 357
48283 824
69446 72
84334 107
31553 820
2516 442
54890 472
53062 583
75666 692
26928 272
84172 631
56818 172
49486 379
76570 731
56906 323
85862 203
25606 629
57285 770
92608 828
63653 239
5524 958
90610 771
22211 843
78739 385
41001 449
19658 438
40945 324
11481 513
22884 143
54004 516
77089 194
52278 239
33385 798
66337 434
17941 462
80169 66
52569 781
45326 598
36277 338
92803 388
21210 367
80348 720
921 718
70084 193
24656 875
95201 613
17864 457
86718 267
70859 436
9941 983
81210 629
23895 200
17584 777
14448 520
64371 386
90529 536
50920 792
37932 1000
28762 523
54366 653
22748 316
46912 951
82754 73
58150 930
54788 595
74071 551
2538 768
57378 81
61167 869
74702 665
61791 851
12010 894
48476 478
63444 933
62498 444
91668 148
89292 108
22414 987
46789 122
10840 699
53915 481
30043 860
86859 589
34637 215
28410 796
43406 513
35262 276
28892 665
28741 695
76020 563
57418 660
24120 428
53783 265
52441 848
52447 252
84027 878
36075 371
22696 3
76483 601
68998 381
93666 159
77996 438
62910 407
54742 686
69408 36
36079 231
81608 330
27816 173
41288 716
72025 833
97445 310
60066 545
43241 714
63186 883
70658 463
14684 544
95877 471
53836 334
64328 714
60751 990
36121 171
78002 159
21514 674
73994 410
61583 705
49625 865
28210 585
14456 857
5318 530
60483 229
42000 847
91740 652
11588 965
86729 212
49817 745
12395 176
99618 360
30253 898
94035 618
89328 751
46282 829
36915 895
97298 455
29570 89
10190 505
76783 194
20199 460
16126 548
52081 424
95363 603
1041 973
67755 782
66581 660
62797 583
35158 72
20558 944
17937 58
30892 760
21159 9
16318 163
87800 514
10104 714
53361 440
76147 192
51059 340
21787 371
71858 942
24768 192
10776 477
38186 492
30784 104
60414 262
4298 901
94861 751
13139 299
95950 84
7875 932
45686 339
19400 917
97845 883
8804 584
50611 639
98164 178
2430 238
73634 777
1270 816
64746 731
5068 509
45860 581
54207 57
64781 762
96947 181
59899 260
18864 658
8419 991
8115 88
36191 728
68549 366
91347 291
39022 108
81133 218
97125 271
33666 137
42283 845
21874 27
54768 152
62199 174
29451 374
26042 883
69622 285
45515 496
58480 687
3102 133
10554 858
65809 243
80790 638
94027 453
44575 901
81774 756
92188 737
21215 194
52063 925
44939 445
41772 96
78531 306
11068 866
5922 942
7399 19
87575 719
52519 40
74969 256
40094 532
11069 573
58610 843
73484 598
99725 132
43418 346
70533 305
22349 963
67792 320
2597 212
38518 298
25036 229
71528 731
12824 270
61597 463
59129 606
9233 76
31260 566
36792 464
23850 209
74955 17
36737 295
40667 792
64460 991
93713 411
54345 594
42011 742
4481 205
64520 407
18477 459
35177 836
97250 806
86155 132
84315 715
328 247
61251 432
31964 331
61561 354
81227 683
31638 492
53901 404
71636 953
75155 523
71983 764
29307 692
16811 985
12540 740
54591 151
2905 457
44586 937
80702 841
46634 154
49329 506
73400 788
89341 590
27564 256
56735 293
5546 888
34139 429
35017 262
61622 958
87220 291
52984 868
85194 935
24944 532
36622 324
51055 914
2232 370
83212 57
38890 561
47918 253
48841 922
1990 110
6801 30
13060 602
8931 705
27746 769
69682 995
85474 914
28934 795
21707 358
46112 536
50020 114
74429 179
19503 709
44656 281
95209 341
67669 838
88345 909
69907 861
65579 549
42916 127
54603 883
76124 944
62626 599
12401 618
34772 882
47556 591
16660 238
43308 558
77221 398
25313 643
25230 652
74714 783
28996 534
20012 510
84101 435
96978 834
50776 984
39369 945
79425 683
23833 289
56667 43
62406 372
56214 745
36438 952
50203 588
26799 532
46568 884
46993 666
41072 959
73231 12
34176 696
319 168
60943 16
697 22
36144 78
73007 777
24131 323
52227 782
7096 642
18870 866
83076 607
50568 366
1692 56
93891 264
45202 410
92984 327
81636 457
97812 546
31712 265
99292 705
2372 460
23682 762
53127 257
91010 356
90945 353
52410 940
49242 582
19454 946
42395 677
53735 773
1847 9
43043 23
5499 149
4288 429
6542 633
10713 473
10923 512
21796 55
40013 110
63641 229
15987 735
19179 230
79988 445
43859 277
66785 423
73296 629
81635 865
97386 947
8249 413
67041 386
27061 943
8493 987
89503 709
20384 787
38379 486
67498 515
35094 908
11001 422
2894 363
35081 295
27718 80
12837 593
37343 45
26185 355
68060 151
72548 76
55269 924
72683 908
73488 988
67304 600
6004 45
26982 233
11242 158
14444 732
11969 314
75083 936
42180 577
89638 887
90074 147
69574 602
62364 656
50145 308
29256 324
72076 540
53762 337
34259 994
39093 825
95029 720
57516 811
44991 76
43487 736
21325 332
20283 816
63874 965
39589 309
39205 362
71336 903
36676 173
44674 281
45939 13
75902 138
13433 301
22177 873
78135 985
34970 877
29691 543
26573 159
25458 208
31377 43
71111 91
93374 735
72213 30
40510 350
565 514
41523 362
64332 585
62068 666
69234 415
81884 153
33355 603
22976 735
22469 61
30256 298
82176 438
56113 825
82196 962
57112 790
7026 391
74740 658
87848 88
46771 176
66892 280
6309 925
63161 142
11289 526
75706 308
22605 586
29524 684
23071 926
59198 734
52111 215
86428 877
40707 30
44504 283
57562 448
11945 462
71201 687
14502 438
83548 115
6201 446
23788 260
67460 6
98006 457
39043 445
91547 494
88843 135
81304 446
58756 570
27397 750
1659 141
637 388
41395 447
90431 954
45456 285
75366 876
54441 237
47253 963
66473 836
15716 107
60653 887
90386 294
6796 961
53616 71
18972 650
77090 427
86921 387
31525 889
67198 164
54592 214
45599 503
36185 23
11134 38
28733 895
52089 248
85417 815
68393 171
33209 681
73476 336
37849 327
15678 997
60852 669
3650 719
1861 894
19766 961
26470 855
91531 391
37770 887
15512 741
51033 157
25046 330
92294 941
91741 601
48776 967
89749 126
32617 628
43442 13
26665 361
59322 302
49782 840
56259 882
97173 304
52328 130
48995 306
84677 813
50187 785
10594 556
2960 963
70402 237
75086 219
44417 511
27690 312
70560 911
84612 395
22869 89
70429 91
82924 810
7802 734
92103 440
37106 146
55641 621
65196 435
20152 267
68325 106
74220 945
4096 504
52554 142
89079 705
15766 804
85207 350
5996 65
16077 956
83784 266
60950 724
51301 601
23892 457
26774 74
7072 175
95387 907
34315 569
13610 804
49658 89
41389 600
10863 952
51731 660
58600 854
60359 897
72944 50
95597 762
31636 161
1958 995
70250 635
99741 879
34719 598
18615 27
82977 649
50557 581
4099 12
79016 238
93126 596
37986 728
84719 827
38802 375
36330 17
48948 76
27614 521
53409 208
75971 788
56053 412
59307 230
9007 478
79048 500
90973 169
69571 804
88181 320
52232 137
36421 543
48320 638
39750 235
94852 201
76498 170
94901 271
56335 225
34478 721
88564 5
83350 230
61142 71
83995 840
68621 161
10347 609
6154 564
86867 525
91817 904
56830 879
36426 595
25298 766
21437 765
23658 32
80033 544
80996 37
14072 914
25580 422
88472 530
78555 296
26240 332
91599 319
89783 623
31035 233
94450 498
56042 520
79272 175
76101 999
28680 678
18059 58
89703 14
59603 127
83912 22
38114 51
18085 351
14433 409
34274 435
47494 586
22200 782
51803 890
65312 816
56840 101
37460 389
6808 643
9155 199
36243 142
52594 240
96995 152
9804 754
88379 348
33720 221
93199 412
31524 669
26900 488
93349 37
10864 703
15574 501
47445 202
54690 836
93902 423
38132 458
29263 296
47179 117
2907 659
85444 703
28344 491
6846 109
19221 91
7809 839
25890 859
22131 975
648 275
26457 556
46474 705
76516 613
85968 89
29589 737
9855 482
89073 399
12680 119
54662 221
48621 355
31439 744
95700 873
2847 968
80767 398
11065 869
51745 798
89743 52
76438 693
51336 358
77219 206
46583 393
56338 764
37620 292
96406 752
31410 394
13568 271
58526 198
1828 358
84655 560
55781 875
48131 480
70001 542
7437 105
81388 216
27306 639
37650 859
52804 45
5668 696
78282 308
70772 780
99078 143
72575 47
57813 196
61350 328
64770 948
36024 137
74661 436
76290 831
99088 838
33009 140
243 844
63805 175
46429 809
25625 275
8190 293
63792 871
94660 390
41477 647
75485 680
66639 677
73999 187
43180 851
83205 899
33972 89
55674 390
45067 651
64202 225
55077 475
69381 967
75048 810
45196 263
89414 952
34389 673
78417 542
405 327
35876 85
2623 209
97722 891
56562 354
85213 591
66510 236
44125 117
92674 288
44313 64
55079 604
42471 917
13808 639
70983 278
83491 760
4940 73
12621 252
16876 54
3480 556
84158 26
62680 865
96658 558
55177 45
99375 335
47941 185
95664 589
79454 252
49910 174
66388 930
77 615
57367 29
92574 880
61501 286
7867 865
99291 207
90122 517
53180 224
1551 297
51580 478
36003 52
45318 889
3353 840
78863 400
32953 897
77968 297
97470 938
52180 958
24570 677
16621 994
61509 879
6694 548
52013 712
26912 510
76901 483
97232 934
1852 423
95590 674
92112 2
18739 24
98841 220
62970 691
41306 479
43655 408
48795 878
81243 38
16560 117
32303 185
61318 421
91993 11
67536 132
54348 971
85211 953
60188 7
57138 247
88773 887
83585 844
76150 301
79144 478
2969 32
48964 145
44372 968
3017 478
59329 822
37867 765
87315 172
12457 960
58183 659
14755 903
52437 665
65500 418
84652 775
54750 800
93693 381
77674 985
31756 649
49546 534
79088 645
99958 144
48136 986
73399 124
80807 725
24607 345
66273 355
94796 509
76843 244
27871 498
63488 264
53150 18
52463 79
71388 790
71851 62
50407 724
57205 307
45082 883
86898 885
76304 748
20160 188
53423 442
5016 138
73203 159
29414 258
96746 578
2245 193
91135 298
77178 304
39371 422
29372 428
33132 601
71774 231
26327 384
2218 880
15346 787
99716 988
6325 374
35459 200
54708 469
61642 289
61740 429
92000 245
83108 913
38805 720
70057 263
48285 540
26591 928
99169 712
26748 946
15515 484
41421 407
3604 990
48337 888
49747 634
80236 21
32244 720
31404 772
81534 382
51640 637
1116 636
91189 779
60799 830
14412 837
76927 268
95429 781
15227 389
63067 501
47316 196
73318 99
46782 683
54470 823
71531 76
9904 795
6814 661
57043 611
26749 303
84492 446
74592 913
33236 50
36460 93
78598 550
22656 313
95113 602
61092 617
21722 889
15901 325
1985 899
71723 41
47322 181
4592 611
80040 923
70853 499
43625 515
82280 747
47733 572
26344 461
11315 598
57711 831
84712 49
9595 339
32661 591
51809 669
62915 387
18279 400
48649 780
25340 649
29395 181
10092 680
28366 465
67110 590
44207 214
34097 190
75043 78
9715 387
54031 366
88491 441
92974 937
32534 735
35450 484
42937 771
23174 15
35896 180
17876 323
80956 614
68665 683
83122 41
53974 360
96769 183
26883 978
46573 771
97535 150
19520 269
51567 370
60897 204
16293 561
55597 558
36430 44
90850 910
80751 894
66470 168
98850 95
97271 812
64436 926
9082 487
36875 767
43346 357
28357 946
19392 853
18233 224
32529 721
92073 582
50036 156
70513 485
78411 793
32106 570
44451 701
20101 60
87514 690
45206 15
13723 958
45663 644
89420 571
81910 655
70041 577
33436 983
78429 541
58198 550
74480 934
8977 184
98523 914
87138 329
68649 595
78701 183
62772 38
95868 623
77791 651
63836 767
74753 465
62652 598
23552 607
16610 495
54531 936
58612 991
12582 644
50427 589
77302 476
34976 476
11692 204
36851 135
58207 167
65722 300
72264 798
53606 326
45447 882
55050 191
82727 701
47150 159
42620 374
6038 703
70065 758
28011 444
72684 405
58779 441
41243 848
17949 635
64967 397
78110 274
63180 689
46758 992
1100 914
31266 376
98692 691
2809 749
69985 454
37026 723
26053 510
48771 454
10330 479
10994 449
61012 405
60710 444
59277 940
82955 388
60931 690
59066 676
34343 110
77324 810
18781 149
19087 824
24077 165
26060 85
61695 525
4050 473
74791 995
32155 614
57089 852
24818 609
68743 608
60723 137
74286 228
48376 257
55249 34
88232 700
41399 923
76561 479
79463 134
604 849
87204 596
59297 261
35925 360
56167 947
99321 711
53376 129
71515 844
52755 966
65529 350
10064 624
54867 31
90360 237
42879 478
24465 849
67514 747
78231 717
13363 957
94431 661
86596 151
78983 780
27416 678
46056 466
39882 813
74083 991
15785 921
32081 226
57136 930
49946 930
68258 94
48623 495
89035 192
86875 896
91795 883
32594 236
93086 640
67164 602
14916 340
72764 693
98025 458
86301 207
80802 1
68025 807
49528 930
90310 468
94524 495
93622 649
3860 319
34391 923
81381 84
3427 812
24252 80
99641 30
4536 235
14395 168
79128 480
23515 108
42179 200
23111 424
11504 903
89884 658
77012 438
94115 916
42373 722
68349 580
44558 235
97577 448
21778 615
32688 823
86630 110
18132 796
59302 137
8769 659
65837 767
38009 392
87335 109
17454 754
32237 695
47826 912
24676 738
89931 494
71696 668
50486 419
65638 810
423 550
81366 463
59417 616
87327 536
92728 61
22215 221
18982 829
52297 763
66146 589
12341 850
40515 603
12835 176
90915 780
27953 613
99208 569
53738 365
33061 365
7074 548
55162 259
13350 55
9339 723
26488 623
79460 836
56166 131
70457 952
66739 555
58012 649
85008 914
86439 390
3373 297
33216 716
47551 192
50023 345
48163 261
76557 199
3171 566
99283 583
35641 26
16468 808
71296 797
76065 527
29207 47
20728 370
86510 994
15126 874
32919 930
88982 387
62957 198
96603 47
92473 303
4296 168
3133 904
55391 841
91832 735
21973 992
23566 229
52389 682
63241 157
52246 96
72981 404
82024 555
88981 457
91797 797
17024 561
78219 798
14657 643
17546 249
13086 800
32318 888
19591 840
89110 934
56061 97
15283 404
62028 886
57284 405
25089 229
56713 76
58514 673
12771 607
67684 586
1664 339
30643 204
57979 980
26832 682
48282 494
37890 417
2560 710
88376 882
53473 114
57379 317
2927 853
52759 743
48784 533
95699 858
46372 268
94160 459
86853 793
14881 381
84801 255
623 433
32396 842
30202 971
9987 915
4899 941
90462 410
11464 190
76811 221
7021 340
61825 562
406 546
29670 782
88092 523
66558 768
88273 205
85626 112
57670 302
15542 343
97284 687
79072 615
58861 890
45581 151
11704 332
8713 553
68018 115
17263 690
75437 779
63609 322
9196 16
7643 231
40744 276
35134 409
26678 645
55687 766
54352 45
83248 16
31829 141
58543 564
90731 71
81386 718
17973 33
61433 988
90321 44
80367 31
30504 570
12471 132
69671 202
51817 597
50829 825
83120 998
82308 802
71933 489
23494 231
32096 754
69226 943
42896 633
72529 706
54210 820
422 459
17309 488
83178 284
55553 944
3589 527
89639 64
76684 54
88428 499
36057 897
76044 495
73050 590
94925 916
83297 481
95453 708
32598 842
78693 721
83393 150
59781 857
19768 945
19648 575
7219 860
47446 776
2178 341
49364 84
34444 388
4918 534
70308 179
24157 880
17966 458
77627 772
52800 547
43952 767
55580 30
63552 795
49513 889
65696 423
92342 833
55525 629
57836 693
18777 839
64926 177
12900 745
27120 663
14215 787
61991 244
15097 876
32837 969
45834 716
78898 525
76235 488
49056 200
21829 878
86716 543
70800 179
22838 384
67542 741
46940 293
95204 593
99125 251
93640 50
94742 697
13528 328
91330 286
16923 353
70719 472
81300 216
64068 275
94514 471
21760 306
46906 19
29789 476
34801 681
20957 816
858 289
31304 482
62724 772
31681 86
29537 515
60904 108
43338 320
91773 570
31888 219
54813 541
53599 220
93283 121
16577 866
74352 529
43386 232
15240 456
60978 620
99946 4
27338 559
98910 115
61293 820
91423 627
12113 167
52455 918
54724 196
25687 757
75643 642
90878 766
95795 323
2355 289
87200 820
41784 377
23321 67
38383 21
9992 196
90445 397
56675 609
86191 800
77499 806
39835 356
45840 239
72031 835
50676 708
20282 388
22104 928
19490 414
76781 629
54553 153
78189 509
45813 25
64703 926
34356 877
93410 593
94334 667
32620 80
83717 254
24508 515
84691 308
77276 823
80124 778
60279 29
96287 729
807 787
19453 739
9483 281
34257 710
46681 629
20385 889
8350 468
39135 833
38264 766
80696 345
67161 411
72835 771
34353 450
85856 111
91155 811
8273 383
90867 306
64313 401
80177 173
56124 682
4063 86
67241 835
66427 795
72363 202
29397 677
98281 961
14825 639
55895 260
32495 800
69085 332
25744 15
18636 756
38557 450
13427 844
11762 193
27316 149
48730 17
121 122
73023 695
73471 283
63047 195
49760 932
32249 880
22383 390
36816 131
4103 967
97917 871
74914 732
39094 401
9401 262
67037 853
4743 933
57020 106
20033 497
84008 76
24251 349
15478 785
22861 674
55221 305
13254 141
71814 394
24223 787
32832 154
23730 439
83018 640
74613 812
10486 798
75564 814
13459 167
83889 325
96610 204
82090 222
40585 444
40518 797
41554 138
18482 955
79596 594
51289 832
99427 505
27697 554
65427 960
3219 751
63702 180
8225 55
82664 157
1000 260
41877 158
30695 574
18033 626
91642 920
47063 525
72252 535
57329 812
3511 955
14700 113
18906 72
95364 390
98026 681
20539 615
27308 406
91094 758
2161 852
32485 356
68279 640
47782 353
6689 699
36638 224
24867 95
70484 767
19080 85
91629 669
40222 867
46917 498
74883 401
35812 184
94043 343
65076 256
79383 146
31585 542
92050 439
85727 362
32549 138
64454 215
2046 237
72248 198
42227 171
29823 593
45298 63
99939 56
8349 26
26360 242
91508 828
68137 545
69241 420
28354 478
32324 869
4011 688
3804 452
33124 138
89290 180
34395 401
91146 341
88360 271
89991 659
48885 58
57680 630
78599 246
92357 585
73451 217
84835 981
73944 681
74758 333
70120 487
59584 546
21831 274
86529 638
38959 659
51800 12
79895 236
97850 213
34323 992
19017 190
48622 639
70483 666
25106 177
69890 772
23619 721
21346 552
41186 275
90123 580
50259 762
49605 336
54482 233
56778 903
31755 433
45362 228
33101 621
75582 579
96735 435
70252 676
92969 959
17245 238
62982 536
9366 72
88819 50
6926 456
88632 452
5477 82
32011 136
66644 45
99873 348
59952 341
60184 745
95547 561
28854 260
10878 926
91968 446
13217 880
98385 795
46275 810
62553 706
74425 852
14426 103
79112 27
80094 989
57893 365
68966 888
92626 433
17260 12
87319 132
81911 167
70380 171
72040 959
24740 459
48228 264
38460 808
48148 518
30077 214
35708 897
68113 358
22777 852
297 203
72269 480
5096 508
6121 185
66373 917
87092 738
59915 185
91505 815
26967 549
49922 360
97612 130
85054 53
10193 335
44224 696
11260 123
42525 970
86031 888
93762 64
73501 754
30644 818
89706 120
17448 606
63208 440
97259 440
68908 574
86806 229
92912 258
19308 307
20618 47
70347 740
49734 237
84501 654
32336 825
17872 31
52782 311
60883 620
44346 489
71255 645
44520 828
79228 513
92023 755
12783 520
55434 900
14837 983
64516 216
71816 260
69275 416
71609 543
92902 343
39706 189
7458 142
27352 972
81117 850
39213 937
44148 303
8371 223
72917 638
47979 133
45193 899
7694 524
57926 687
45651 383
72471 539
77261 656
18851 433
4910 1
60239 983
46088 753
19010 594
16079 814
38123 121
71695 136
20108 386
90718 728
15926 709
9065 504
66513 278
98418 922
90182 538
10718 653
23738 583
37817 100
184 453
74326 512
69814 528
43959 306
94141 665
59863 692
23476 722
85161 751
62039 335
75057 831
54893 259
36869 802
714 578
93914 697
60014 845
92179 118
88140 929
68628 866
76014 138
82359 589
42093 229
39066 676
62770 505
11228 524
56076 944
28821 205
16224 564
54634 118
91197 681
62768 106
70333 731
12578 356
51351 550
43382 850
16110 647
25583 820
95013 277
33372 468
78869 207
20194 390
52937 99
82844 793
26343 177
78324 369
75438 8
28110 536
76774 524
59311 570
99421 225
90998 950
13935 312
23822 630
25927 634
93326 440
16980 766
72021 52
72627 927
59883 720
90527 335
95709 644
524 594
47906 186
8623 596
23925 288
79168 951
12716 927
73752 188
95041 217
41028 821
77078 752
20361 172
49819 777
3456 95
80509 519
80689 788
25321 511
36504 494
89754 330
51238 996
21212 503
15867 484
568 246
31495 145
22326 622
66569 514
40044 940
69900 341
78513 72
49832 605
24907 33
81746 415
83191 929
14741 223
51912 764
39062 506
74040 653
80289 650
73467 359
31099 144
97862 735
40124 996
88460 519
39945 568
85810 541
75740 527
63170 324
62544 730
90303 623
87710 593
48921 341
62354 250
66601 632
62596 639
75891 723
95555 161
24493 289
44583 895
57478 401
12360 964
76583 446
54086 308
86922 512
37055 686
68431 911
64617 60
2393 480
69699 950
59433 911
71670 753
56429 181
99207 740
44213 851
74349 834
95870 966
81291 780
7350 116
4687 18
17063 405
61944 208
81176 170
23626 77
87643 991
22002 668
94542 173
68997 609
58575 851
44308 360
48740 44
92590 704
5432 230
69084 427
87617 268
44986 481
47993 409
77606 81
90522 277
44040 273
37768 904
20448 567
99166 281
6937 724
60843 844
3922 741
3707 755
88707 164
12720 800
20719 761
69511 128
78386 178
88605 801
49937 663
45590 813
38159 904
34725 301
78057 999
8780 502
78657 403
58900 1
19604 53
69027 408
42534 143
50974 360
6402 165
37777 244
4441 870
29204 528
89162 209
98513 810
25845 480
96212 570
27674 616
67564 761
82521 583
35002 630
44142 936
22265 55
83301 866
5484 394
93866 290
24405 643
49119 671
91328 932
17363 848
26304 426
41927 626
91020 806
16261 668
90515 181
34193 971
31902 462
63254 766
88581 531
11765 903
94712 209
79165 952
89495 490
57265 776
37572 580
1345 373
55810 109
71650 331
24517 918
81795 836
1466 575
32295 329
23793 760
699 85
68315 239
37162 261
92178 391
69935 537
39479 679
97941 975
60263 444
49945 64
32819 935
34696 603
56904 370
17733 539
90241 584
33284 721
58817 203
65400 694
73466 417
89759 335
88156 184
69495 50
73667 599
46516 523
36363 174
21090 662
45825 12
38444 640
22826 476
19543 149
76647 698
34797 385
68363 58
60907 216
17749 670
55945 307
6635 51
85946 691
53448 390
94765 695
7130 856
43035 869
38950 866
73632 839
95669 874
1628 705
52205 243
52780 74
62750 635
67416 868
8154 610
44725 212
91193 536
83213 410
33119 663
40371 437
79990 372
25718 695
90250 59
84685 830
50973 394
9394 138
72518 239
65864 885
21455 199
87108 185
53243 441
94076 267
73186 214
84840 838
15105 660
53277 985
16033 39
46148 781
74918 772
57647 731
99253 658
3473 624
10841 103
35815 693
61502 689
72317 813
49140 102
93966 740
61710 237
21110 312
36143 359
42603 830
23719 531
6587 105
48977 296
37429 5
23359 794
84260 662
43447 790
17668 811
98799 423
91032 561
20009 234
82404 295
52792 173
43178 615
7602 679
83255 240
15326 974
64656 960
93305 951
54903 646
25937 466
83730 283
75228 362
79633 602
17870 48
14823 370
32066 95
7207 708
38814 337
32830 642
36263 402
94152 249
93582 784
87051 348
39883 99
31685 975
64181 416
10973 124
41249 120
27732 921
39037 773
40926 702
99772 58
96530 535
80102 842
59904 255
71955 934
14880 302
35955 800
82180 461
85943 278
29522 323
64704 267
44262 708
35793 491
44541 41
4513 512
71829 818
77055 320
9387 156
75160 533
59791 498
19022 75
61994 447
84106 992
45712 418
45622 195
93561 582
45188 883
61389 311
70311 826
15969 235
14472 90
45717 188
47289 622
63032 119
62803 401
57799 204
52337 272
38295 856
40759 503
66117 982
62838 143
61252 910
35897 327
28593 522
4755 565
45603 656
49471 780
48297 182
63122 665
93484 476
15111 239
6332 498
64337 498
6955 561
1279 20
8572 167
59894 777
4950 198
35832 965
54702 757
71343 792
15547 331
99785 137
87814 483
87568 406
55881 317
14023 716
7301 521
42914 514
83621 14
92369 406
53136 520
63616 487
76554 850
31076 898
22789 430
55069 289
48547 95
85281 715
77906 79
47071 578
66086 365
64945 646
89893 943
71038 918
50577 956
34125 932
57316 614
38717 123
42204 780
14435 673
35446 438
56882 774
62656 838
32131 18
53660 478
37517 171
77753 956
29229 203
12514 268
50537 356
30589 368
20882 186
79429 312
53235 700
84505 554
77390 613
46003 79
38285 160
30755 70
23930 928
32692 482
58361 318
43752 376
36028 625
59731 778
38269 888
43200 891
82032 155
60363 102
28681 604
28234 38
86550 687
44851 255
7548 59
45461 884
98395 959
77840 77
81557 88
86204 873
5498 441
56361 96
55993 831
47472 863
40687 418
62989 384
88444 323
49437 608
56162 967
88226 417
42668 185
66670 656
95399 509
93714 86
31249 91
70532 253
7779 741
9248 685
78740 113
74282 346
48896 158
3979 64
51251 397
67992 550
20664 8
70531 316
21840 415
72978 835
7158 76
18592 840
49857 599
34372 669
59653 67
85318 858
64336 653
73514 985
61700 961
53375 138
62568 317
15110 946
99682 905
44051 58
53386 173
59891 843
92169 175
20973 818
26381 245
77585 733
17125 659
24434 621
96153 82
49540 546
19077 924
23799 876
95726 493
88679 130
35370 513
68468 821
517 30
87299 813
69924 67
50431 118
71028 496
81093 634
45065 943
94362 620
77169 386
32713 856
87892 417
79162 534
8549 133
21074 51
35552 584
81976 483
56334 496
38880 922
53367 900
77655 938
36267 891
31597 222
33416 935
21525 855
71054 906
3258 908
93336 962
11723 25
55372 651
65473 890
64126 469
18416 67
96144 314
3787 72
43000 843
85262 123
85095 955
31618 679
73092 795
39216 615
42219 622
97555 516
91130 976
56936 29
43445 191
88131 432
89560 310
74461 852
84601 688
63750 779
206 267
77930 503
80812 449
2087 890
54560 253
77500 448
96744 60
4898 154
42701 993
14102 399
60647 57
70144 509
18647 174
46029 366
4831 583
519 302
55483 157
99407 293
18764 599
37375 108
94523 433
30694 501
38701 21
17841 816
56871 616
63155 192
27425 557
97780 735
18899 428
37369 817
14894 625
88250 212
63695 745
92200 699
64003 102
36778 927
66953 760
42692 450
68846 611
54224 981
48477 87
87256 694
31560 839
34793 486
7041 143
73264 651
59727 452
98264 604
79119 838
4484 283
4126 81
41902 846
27282 376
47833 49
94310 758
13176 940
73971 701
35957 993
22731 877
88467 931
10248 994
53454 452
50199 379
64622 256
60145 910
16242 713
8861 385
58373 797
18651 496
29005 77
25666 702
53564 339
27946 766
83542 956
33835 463
87811 519
61724 846
69950 53
46567 431
12709 89
86913 504
31822 480
38574 670
91007 697
63841 284
20014 684
38864 692
55946 334
87271 290
40944 378
32861 18
72323 592
86179 652
77569 747
62619 690
65109 315
25796 473
74402 948
88761 599
75131 748
61659 374
73733 843
3337 590
68838 593
51950 417
25062 66
35087 367
58261 919
3655 286
93236 519
13713 220
79607 426
1788 950
13725 522
60305 952
76588 379
41866 908
97673 405
80341 221
44687 903
28170 129
58955 760
79628 479
51258 332
75558 500
92376 253
32646 531
4305 2
33180 653
17348 924
20818 92
12800 912
84502 443
38582 57
26517 793
19920 983
39675 89
72609 69
63595 761
99006 753
68133 934
94003 340
8722 855
93145 898
33951 794
41357 97
6917 404
61771 918
85826 856
62693 245
1874 211
94367 803
83210 449
93271 518
90150 175
62960 852
21305 489
39275 242
11479 845
79865 443
82148 282
64471 43
5963 844
5861 460
49802 560
44419 667
78870 801
86303 233
31382 668
23628 213
40915 853
43713 50
29007 672
74378 618
33012 909
46456 599
94662 578
47432 917
95365 411
14920 671
42455 356
84891 808
15695 959
20218 691
48181 175
22071 258
91715 754
21705 295
1040 976
85049 3
82158 720
50106 276
91053 644
29294 854
28643 694
79352 560
39768 581
98527 862
59095 846
97143 291
6040 86
46491 952
82958 982
96034 900
19245 915
96621 90
62756 251
84871 629
27543 902
26672 66
10111 100
57656 600
90589 382
6417 18
58165 811
49490 715
84966 240
87964 41
84752 649
44458 33
90469 807
31661 231
55140 509
20499 729
9681 756
84703 173
131 216
25419 624
15148 465
62639 181
95841 497
52706 593
15081 240
39396 596
74882 297
90667 145
75766 42
19997 270
69344 921
22053 898
46267 401
6400 391
15672 702
18518 89
52850 106
49341 762
71565 58
94566 464
57686 618
18084 662
98684 529
48150 801
77543 926
51159 844
99779 20
29699 965
57041 67
49522 757
74358 47
26988 50
52968 740
22097 214
64998 17
1230 64
58193 767
25655 854
11722 63
49256 84
10121 6
61242 724
16518 276
15430 874
82906 157
95897 711
40209 308
3107 798
72193 15
9137 361
91187 917
64894 830
5239 710
48251 758
82339 549
11333 146
46755 115
43033 258
95546 928
8584 70
34297 962
70414 258
56558 28
44795 688
23715 797
10615 766
82067 488
82725 359
36311 575
10570 654
58515 301
56554 926
22133 27
66007 62
1402 629
52289 466
87763 128
56036 67
43753 832
81296 388
47278 846
51535 63
3358 28
15340 15
7084 784
38822 906
37011 996
46271 673
83857 277
25243 134
19732 950
53594 356
7241 297
92388 58
3048 68
42973 166
75871 168
94824 138
59705 381
66837 905
45144 566
14252 914
93909 54
71316 372
27526 359
78444 346
30616 793
3615 574
39388 66
6797 490
88899 379
87850 647
99511 286
22438 595
47426 222
37025 634
16018 602
46996 862
56985 377
51988 885
77520 671
47127 859
70990 237
71853 290
3441 169
87064 48
84423 704
60546 158
24947 315
6238 370
33107 618
52469 534
79645 821
1511 322
71904 844
325 58
45134 278
7457 1000
9961 113
15734 132
81060 32
33928 127
4986 647
67371 607
34045 927
11877 754
20359 103
45635 310
51440 784
7347 10
24730 297
2850 667
47652 706
96238 57
40478 430
5627 437
38704 161
70122 944
1835 944
33767 449
40933 257
24725 161
2012 920
27267 963
3843 196
46599 960
248 626
63828 257
3612 68
82904 104
67914 221
33251 437
90051 641
96651 896
68302 723
46281 537
79353 944
47092 34
26571 164
8206 411
82330 398
49841 196
6083 325
34040 325
93081 317
21885 184
67920 12
26648 222
90967 666
43617 633
2312 634
89795 567
67628 220
91351 487
82440 974
70180 315
7156 394
16924 273
2053 946
80497 207
72438 488
62501 975
40017 939
92604 859
99143 815
82573 65
24500 552
19178 553
26843 199
65456 750
71631 540
40359 329
8817 802
69271 30
44342 446
45159 182
18322 66
36524 60
9052 963
65633 756
95484 1
80558 698
86127 255
59142 352
10916 968
14126 729
90293 771
79863 487
88781 678
44987 488
38385 131
91657 913
64549 295
89457 477
15527 218
82719 971
50835 369
23463 221
98495 51
5655 385
95515 383
22764 594
86368 838
30323 112
25674 435
19494 754
76741 996
77385 312
30125 25
96575 607
45075 62
66309 800
63293 117
17386 22
6453 831
98370 981
13420 988
93885 374
43791 568
4515 876
84609 952
92549 846
38389 906
23351 704
52939 146
62828 535
26123 34
62196 568
49366 977
50824 849
52145 982
37845 575
77057 76
88303 744
42511 432
20432 394
23889 732
74575 968
20769 875
27052 83
18304 856
82957 720
69366 651
7291 567
9492 769
93255 885
98136 486
63168 396
2753 389
33054 154
26730 65
58024 844
64280 627
51847 62
66075 878
74895 450
39226 60
58618 281
47062 469
48975 306
42139 954
55145 441
16444 864
9265 696
53274 562
63255 980
56579 255
45091 542
1026 871
21158 289
81407 673
67083 243
79528 6
57569 653
97397 267
78375 693
7962 573
18809 991
80986 397
86380 623
10561 81
56108 63
52025 656
36876 570
26074 213
72967 133
40538 34
8474 457
64009 334
28282 993
30749 14
2274 177
175 327
97930 736
79955 950
37126 897
53019 49
61002 404
1859 2
10790 947
76929 849
17202 539
27408 152
25223 595
84247 827
55367 221
67577 938
10109 128
84170 843
23419 785
16034 234
75058 654
67575 888
38000 212
80457 648
58905 373
33980 929
85134 478
98756 177
42936 582
74611 67
76800 174
23754 502
68298 991
60076 615
97308 990
98222 706
10675 128
28751 891
89331 140
59457 603
14187 704
21420 918
80782 109
58232 402
1604 158
33486 2
63642 398
28361 437
70896 141
62224 244
19485 891
52973 336
89975 445
13674 771
22866 33
72773 125
2718 708
47230 857
1681 594
75230 217
82073 17
60496 945
27254 323
32344 73
87669 161
19804 321
26262 1
67391 464
53509 737
78579 185
70757 50
77541 718
53969 654
18932 849
43381 825
71659 644
14724 295
37604 718
3009 882
32280 679
16656 205
86530 823
36582 900
52331 160
70448 219
78440 855
44206 683
62131 801
54643 10
38321 125
20336 812
95862 237
35270 391
42855 38
50585 832
12338 769
48752 349
91770 927
18178 909
79497 474
26183 406
56 357
13114 373
16958 98
660 823
79166 575
38920 244
59326 445
16744 473
6822 463
96912 639
7414 66
436 407
51986 770
76912 100
37742 581
65002 736
96841 34
66898 202
27468 474
81748 266
34634 836
32641 702
59519 950
70536 570
45923 490
60802 119
13286 125
87686 147
88666 285
10711 88
21044 288
15419 557
30944 267
29116 925
75383 201
70726 217
3154 582
79296 748
17336 573
9972 348
62559 796
86704 816
82718 667
54898 955
91212 255
11981 336
22596 949
57276 900
63348 609
82411 245
5159 919
78328 332
99179 372
52169 459
78667 310
17803 462
78638 659
99776 484
74393 573
58981 924
57961 187
16795 280
6545 925
42733 25
73745 493
18850 794
81960 561
44247 312
37806 211
33235 631
29901 162
29696 226
79758 127
37900 693
79770 163
2369 784
8010 966
61161 70
70011 16
23181 282
65104 781
83104 940
11000 360
4867 657
88516 260
12664 341
69122 11
47752 24
12973 801
66348 186
60261 219
35323 771
22107 108
40189 64
86205 377
60196 181
31653 175
70015 793
78764 777
43126 994
53317 591
22066 650
79833 823
47572 698
12044 677
33540 599
93707 598
14057 188
68532 875
932 897
68333 823
43072 391
82143 656
50108 806
20453 647
96166 957
42928 48
46815 491
65472 378
19936 358
34666 800
80231 782
776 909
91849 176
18017 635
61725 467
89389 254
89145 434
63869 666
38645 302
97588 616
82416 871
35121 387
86351 64
10655 616
12620 262
48102 582
26289 45
29038 721
46566 615
63835 395
64073 480
35951 167
1259 179
37164 665
65430 435
72236 948
41272 86
49617 829
93161 670
33215 407
25489 653
4530 942
8064 276
23779 535
39070 924
30725 746
1371 619
48290 103
27295 865
61729 816
78163 626
25240 693
17470 365
35855 874
5569 65
76210 388
88552 721
42033 383
142 856
351 409
53483 799
52341 661
18853 48
90747 698
83808 564
84707 235
86157 336
35378 78
11649 658
80994 207
68238 240
52308 990
14180 491
47131 472
7055 309
47275 450
33598 436
8395 463
44009 716
99701 568
77318 945
23348 777
525 787
40972 780
97515 323
43818 205
42843 303
49314 307
90455 994
93952 671
95040 340
63012 847
85485 394
1834 24
85084 808
82649 278
78587 742
84017 967
80206 993
10341 71
90257 748
24400 308
95645 324
59527 878
45496 858
53433 565
71624 435
48692 815
86997 703
34456 815
15230 392
95872 936
94869 470
16366 966
82282 428
30722 151
78456 141
88820 641
15720 87
81504 825
27078 628
53145 724
70655 785
7433 188
4561 614
23987 265
35537 688
81272 269
63164 788
12454 599
21544 428
13294 665
76387 456
10880 870
20455 195
66281 172
68396 243
45108 59
6867 334
90075 995
13344 297
86949 915
63963 297
19173 42
73360 734
12537 562
35036 451
98286 637
31486 582
63876 334
58330 61
56932 784
5102 23
68434 538
18580 398
14346 17
91108 784
56531 409
33000 790
58219 829
12068 428
29591 308
21116 252
6771 98
4776 190
14037 651
65056 452
55575 122
96035 124
73593 479
89283 804
19006 324
10124 368
46812 909
87923 667
23865 309
57158 166
82758 226
73535 81
18950 398
21287 716
55794 905
23315 481
83763 594
24350 787
33906 396
48569 645
85380 5
77164 956
42848 347
53828 184
83306 558
24276 485
4767 895
49227 222
61184 358
7557 866
63678 176
59439 769
16940 817
20685 890
13658 604
11553 494
62816 51
90092 113
85091 867
24403 130
10613 816
68210 257
48866 593
74827 87
96312 887
89103 119
85537 911
65463 686
76030 246
65849 599
30133 980
1415 703
24375 682
69730 821
69327 919
30398 738
59318 9
61135 912
69074 846
86184 83
95876 858
65881 739
71202 54
26634 799
7693 313
50799 109
72931 24
42237 879
29301 391
96913 782
33460 839
93312 679
31770 185
68410 168
31247 831
96382 714
54839 267
9443 268
8542 167
98663 420
13125 280
45662 299
8487 165
51890 288
93699 442
61868 381
59511 733
30103 446
16319 327
98843 595
34169 913
86533 552
71825 915
87130 316
70357 444
14631 339
5123 262
57499 680
29064 476
77908 918
48483 880
51088 296
7627 903
10595 647
59436 964
38817 191
47451 210
89381 930
65390 85
23768 319
24718 204
3523 142
26424 367
60413 624
52217 654
96329 878
77713 753
87959 634
18313 960
15357 672
41867 483
79024 991
67315 934
40042 162
79731 986
26141 644
33473 268
99054 340
80753 515
19143 574
21025 474
79760 557
89143 127
25042 40
97339 437
93398 781
80868 950
55254 456
8531 849
31528 213
80191 660
71431 521
97167 696
35529 984
583 528
41786 36
56251 789
96722 134
66748 818
49455 836
65940 842
69720 183
3122 562
73346 964
92570 665
87714 604
39862 693
74175 918
7651 134
92467 873
71993 99
81159 873
35414 92
75729 405
36391 365
40023 853
11335 845
4241 756
65229 323
45233 898
43773 781
17560 505
58909 108
43280 151
44676 322
90012 645
59179 879
73881 516
50962 223
95502 872
5424 383
14003 890
49746 731
86742 963
99487 523
63147 553
51501 734
79580 416
13896 934
13537 784
13156 487
26011 938
95727 149
16289 353
64101 366
78788 675
1908 695
52993 399
7370 749
37468 526
57374 19
91805 701
94875 92
91031 511
95456 572
5145 115
44858 639
53370 237
58919 963
94967 773
94102 298
14208 203
64574 958
52015 173
23924 137
3225 456
52156 58
96564 703
39608 383
96688 624
34862 694
47134 56
92785 696
26792 430
15262 733
15689 200
63718 195
39742 681
84134 150
69558 223
4739 362
86320 955
91359 1000
73151 118
10214 144
55811 67
66099 115
29936 313
83139 374
27914 216
32792 124
10447 369
31691 563
30630 923
25466 959
19293 236
87886 88
63269 31
56389 186
18061 573
27764 90
12841 72
88915 217
93984 867
48818 568
2310 198
87815 609
42594 172
61616 35
89679 315
37912 157
78352 829
51224 525
97802 92
60329 947
89928 123
95443 146
15622 816
57556 197
26734 23
35349 321
20321 17
19715 827
73448 455
93801 906
1937 74
37268 755
20776 364
18459 574
61131 891
410 26
73242 105
36507 443
38380 275
999 179
61789 969
43156 612
14119 145
75631 486
74869 760
38550 830
13972 740
67681 892
50302 115
87243 461
68007 335
74094 784
11817 36
23172 806
92798 552
58377 679
50597 211
89581 809
13744 20
21733 561
124 214
28492 302
47849 64
98240 160
36618 873
3645 750
38668 405
74698 524
40627 120
24969 890
74742 306
31472 672
88470 460
11311 12
57091 917
73954 973
808 361
22444 87
89547 62
48774 997
22142 124
34780 125
2599 968
79226 913
39587 781
75276 482
74505 424
82798 426
35660 687
38773 988
66149 129
61543 989
47909 76
88102 809
13131 819
69810 98
62229 946
72759 153
26777 392
66177 599
99616 35
12456 326
22180 329
3549 99
95432 953
35562 623
82831 103
48815 597
76193 838
77626 897
80898 969
41775 799
39783 792
92620 563
40216 313
50258 430
42585 200
10466 497
60648 49
91955 10
909 514
37906 547
13917 516
48582 132
77832 488
95976 14
13960 322
51948 947
94789 954
68427 854
6874 835
20228 679
95391 66
28626 675
64386 85
32705 255
55940 729
21077 621
6435 509
88923 871
48071 700
29733 149
87743 591
18567 940
37258 957
12690 249
35464 456
8062 555
45374 357
51337 541
69717 749
7590 408
59602 274
39067 610
71183 683
44030 561
38048 599
36353 295
18129 605
86062 883
72489 140
40523 368
17122 371
72078 321
24176 619
63169 218
43798 785
78801 693
35072 141
94084 696
10307 346
80964 778
80647 93
12862 627
51593 705
80067 182
6173 661
36412 809
8165 314
48701 763
69308 463
4007 670
83595 813
53032 586
16023 582
83865 156
5817 444
97729 168
97 325
76178 530
18939 231
7487 4
16820 498
58688 490
49717 940
15180 406
65564 602
94039 15
73191 121
94014 579
10607 64
57760 558
22917 187
30383 761
73053 261
50785 731
69493 337
792 964
91199 751
15442 232
71952 347
11253 761
43045 360
74520 562
78195 269
73855 848
84538 221
36655 232
77315 494
39914 377
71192 915
56103 180
41899 883
49693 880
18373 219
12778 569
60157 272
55018 546
11956 62
15114 926
79741 845
35560 81
51558 676
61580 780
15259 772
34803 49
82648 6
23629 690
45433 460
28206 860
75649 223
82951 921
55158 842
84214 864
45655 577
88685 483
56571 604
32627 415
15866 945
1049 709
68874 770
8143 601
5628 310
53688 543
91211 153
76402 471
86222 888
59085 198
58070 861
46814 329
82817 453
73625 506
2956 85
88571 757
78210 908
87343 509
83781 720
217 779
14818 226
90752 497
39019 508
9880 320
79240 465
43272 226
24596 165
48252 325
51446 593
11629 469
58641 142
98701 460
76905 594
92712 586
24598 675
95660 341
98323 707
74937 762
95827 703
47599 911
3720 31
80219 582
86567 364
86080 268
42207 647
37054 160
32848 626
52033 18
35837 838
39333 676
38212 842
36061 228
28249 290
10391 254
15905 134
64243 402
17961 70
58055 992
13289 396
30844 182
39787 301
93342 379
81224 638
21454 951
82973 156
37362 165
91506 201
37383 262
87529 563
72581 673
91774 169
8174 343
1740 641
98120 564
37123 808
51325 688
46055 92
97993 964
90646 553
83929 846
686 666
7792 581
7599 822
23040 814
58771 908
30903 14
90608 308
22230 703
3326 34
51166 615
21289 453
4804 914
69017 566
53607 712
72104 910
28336 793
83194 37
38941 6
81115 277
67314 763
81970 25
20579 643
47448 661
47015 36
62826 526
38627 612
1745 394
43396 414
34899 7
87674 919
31938 624
7818 142
85524 416
93963 845
98507 504
80218 615
29051 399
4968 52
79153 4
45855 560
21352 514
4666 191
51983 222
84156 270
9128 379
8899 273
61932 67
94002 295
2729 872
45672 218
9099 117
52399 562
37420 828
98090 712
8020 792
49575 379
50443 528
85439 841
48833 698
57883 530
60772 28
82892 860
14574 830
15861 653
91489 544
53966 692
53120 88
61125 696
30489 241
68285 894
18841 940
82577 924
88350 476
37008 552
19369 826
1173 123
32942 604
87078 528
37560 587
79569 282
37049 973
56766 428
3558 101
77059 193
21058 508
98483 45
27627 812
32728 175
99398 672
46845 61
27873 566
98715 476
66830 737
92830 222
26193 968
6122 669
84180 300
64189 310
17909 568
76614 754
2198 974
52189 625
3505 445
38394 995
13296 494
47635 205
475 750
50853 570
9164 615
25268 309
47280 248
64669 935
84301 546
53706 325
53211 164
18171 310
15647 344
23557 901
77008 434
89889 684
13311 124
6281 689
58386 445
71782 714
14238 377
39200 637
85733 744
45942 292
56845 640
57956 728
76487 948
45912 850
77863 654
56866 573
26601 868
47644 596
18104 275
46 594
78585 633
77729 763
6385 25
87304 58
92602 849
83890 549
66648 701
96830 718
33736 736
23130 471
32137 523
71405 472
88710 685
63033 107
88045 754
77342 815
60221 893
9275 375
27008 566
64348 228
46816 259
49245 330
65522 997
13240 853
37481 209
95190 784
73283 201
65739 988
55005 981
86430 640
8894 268
25547 353
53920 838
46591 327
10532 332
16299 529
91089 996
27261 3
87323 311
18826 512
26369 675
68688 91
88908 185
55567 685
96607 258
25077 891
11141 334
88024 45
89548 567
48276 496
26813 883
26346 400
32924 697
23812 783
93517 111
61497 13
74470 488
95916 364
37224 584
28310 210
37310 732
90645 257
24858 383
15122 942
81605 391
27442 740
92667 243
51663 950
94626 14
80401 317
56549 22
50619 55
33686 849
66914 680
1295 420
74961 569
89403 617
55056 646
59572 553
98211 163
56127 723
90835 516
6213 585
47724 619
11088 563
39780 20
58954 737
37196 262
52639 193
44501 341
8675 708
58556 7
85289 567
22321 896
28695 729
22834 565
65939 862
87065 206
78946 778
94473 393
67815 137
2002 894
76164 403
10788 207
38784 548
29112 687
62848 621
65967 326
39702 598
31087 802
67295 604
7358 826
95044 593
31693 944
17160 832
55886 434
43783 651
88087 596
64494 594
36928 924
36980 749
24769 47
43318 903
36347 31
18519 463
22923 844
58930 278
20881 226
4047 491
25914 14
71033 47
85597 984
31758 24
23443 117
30330 528
69233 951
29206 28
59920 974
30970 871
2138 891
85728 258
90813 435
99938 247
48679 792
96222 537
26139 566
19865 188
89404 680
45979 821
91521 129
61680 498
71500 911
17997 594
35894 874
31403 844
49686 474
6495 560
72553 452
69383 105
5926 719
88285 988
34423 222
13898 393
74775 976
87296 206
53804 598
87791 789
42294 275
70880 126
56632 243
36025 369
5564 537
16348 421
40664 239
6630 863
48732 241
41215 339
6666 698
60942 395
42959 792
58483 612
66854 932
45480 827
82492 597
69936 170
32189 230
32708 246
2098 478
28986 847
1317 865
59219 147
93735 822
83142 414
44203 993
13024 459
46515 766
30302 935
36938 624
18456 37
90634 735
76627 684
26687 78
12937 726
11604 741
40278 151
3714 85
28270 30
70439 409
68014 69
5143 889
5891 504
11212 942
31767 722
76395 220
10084 866
87473 493
33829 830
43138 673
75555 498
98842 268
31011 982
6304 276
54304 466
33700 532
31179 387
5004 677
18545 48
40296 692
95702 460
41138 441
30368 754
53319 81
73528 987
59388 511
4490 983
13884 457
22881 102
5614 734
86614 26
83089 307
99366 640
54928 526
38238 858
73354 362
42224 362
72820 348
81724 166
65282 450
56315 88
48813 149
45695 648
7011 582
60049 762
27558 316
68502 837
53222 973
59299 443
72668 667
39286 561
50476 211
97109 508
33499 273
53497 739
13241 184
95923 792
33199 250
34705 190
38767 56
30384 8
6841 471
60889 888
79346 722
80772 489
8213 793
57484 308
92238 980
80588 769
87368 257
9980 304
54233 834
73918 393
90675 547
56069 244
83266 288
82506 808
52307 321
14285 771
83743 411
23219 811
75129 432
79386 244
54271 440
94716 762
64668 952
50902 28
46908 785
29075 529
42233 13
57322 399
85137 365
30659 45
88541 909
65262 701
40351 229
92372 856
9632 341
25579 788
23911 955
12077 171
34061 771
3339 701
96174 917
23146 208
89409 381
97934 953
92838 586
43383 756
20073 6
97341 509
5606 253
39580 983
5662 611
9675 136
73990 183
43816 713
91097 684
30321 958
4162 23
66655 597
18513 561
50894 237
16009 721
61686 345
95529 183
97922 830
85615 441
40507 341
86625 955
98504 760
29986 946
44533 827
10478 163
14093 613
63173 787
20333 139
32465 803
82095 829
97064 275
50630 707
1817 155
45414 777
62368 344
64264 552
76792 151
19966 671
80078 728
92276 127
94872 975
45215 439
30244 65
48449 847
50828 13
32196 121
50062 125
55417 106
25260 95
651 796
95457 259
99671 51
47628 64
38601 51
23914 78
32803 702
34311 282
26069 62
90087 245
78059 843
52417 566
16858 458
91914 63
66060 481
71896 215
72754 592
24301 141
52561 874
21805 994
39175 933
96280 602
41095 242
97569 169
14231 839
21683 549
7309 904
55712 126
88483 183
34596 770
21631 564
40839 707
41189 958
82533 428
75282 250
31922 970
7956 330
49397 222
99249 686
41683 899
29272 628
34135 316
12686 284
42125 258
32162 813
89761 78
48856 837
59931 602
96228 797
71589 118
86283 375
15186 835
81805 118
50174 637
74031 249
33796 121
96807 859
47233 137
15860 776
17415 434
47042 506
28090 515
89942 860
1130 613
87595 766
30913 977
14251 657
17666 454
67966 397
76745 66
53332 459
94261 713
38228 473
43559 884
19696 109
45631 378
45237 704
49294 14
20059 754
56848 104
28130 990
94683 429
78956 588
81124 706
1647 768
21494 589
99819 480
79488 595
60980 16
73676 922
54315 306
38600 344
87660 64
43186 784
89525 898
28140 670
93535 336
58765 568
50830 823
92005 546
91147 732
15054 152
69616 172
19359 954
55690 822
78267 579
59655 103
81803 506
28813 71
89972 176
68341 356
29874 644
41292 287
54585 490
57920 413
41377 563
34777 948
39581 261
78016 290
9166 400
32566 30
12933 695
25920 793
7592 622
39085 229
34826 3
98932 474
61605 967
539 393
32240 756
52794 525
43614 499
56413 957
94138 296
72535 266
63372 502
16776 435
82471 183
18345 780
61531 115
20015 539
8515 50
10582 177
18473 571
8765 989
97610 915
12729 848
33933 469
54707 70
42856 408
7003 738
92310 925
34658 797
33789 301
49179 427
85647 375
900 494
66063 365
59333 494
92591 625
20962 203
74228 759
6734 540
76967 390
79122 611
69402 423
86986 723
85462 439
98442 887
55045 867
77963 319
35938 18
78022 913
9699 586
3229 342
93254 693
13376 593
94308 187
56402 544
89264 940
1474 893
29723 730
51436 56
97533 791
87058 928
8519 513
88038 152
23437 17
10940 316
78800 675
56237 244
74207 921
60709 584
36689 923
77032 858
84776 359
61906 414
72544 4
19764 27
69938 316
93191 318
68247 527
18408 514
40496 413
31752 676
4443 456
7022 763
88158 581
42844 63
84521 136
72492 44
17940 938
72085 702
14438 239
61701 717
93637 437
7322 472
9072 152
67174 358
18960 404
81274 57
16432 987
55201 785
92346 931
15424 97
55596 160
41939 965
2455 861
29378 645
47392 391
93676 756
55831 754
38315 201
62561 958
88204 728
56412 743
14216 37
59725 747
62585 39
39343 414
78733 77
34414 888
55121 656
21704 412
33239 795
17991 563
8440 385
37249 165
18196 733
28448 143
62779 587
10668 221
6921 18
82782 476
45408 453
40803 815
92671 858
61857 387
39057 221
11417 310
41013 841
85921 235
67578 806
97181 40
14264 472
84155 315
37266 411
64982 158
62766 702
12114 321
82396 625
55047 697
92248 294
74357 606
35367 469
11208 230
27445 312
59187 109
88992 159
83358 871
93087 453
46831 645
42031 573
617 403
81564 430
79134 490
68404 837
54781 416
74697 386
20149 328
35179 41
56640 774
30518 623
5763 899
8435 775
21279 57
89119 33
44648 747
87910 678
45559 713
9287 523
13824 50
17962 694
85377 606
38700 722
8777 794
3935 256
47459 191
389 283
27630 95
33217 67
74703 142
45830 230
88631 344
39951 362
73157 173
40079 411
35343 647
22460 110
21515 165
34054 174
66387 768
90311 362
36461 940
21137 915
34351 516
85888 382
87036 258
43569 408
36468 836
46036 343
92717 483
66616 36
5043 677
80107 653
77063 677
26663 769
42335 963
6704 464
16881 836
34199 492
22458 519
96568 347
42268 169
84205 87
82609 229
44068 450
68772 309
45495 328
16680 607
22766 515
90436 588
84591 88
17070 146
24981 100
31474 317
72119 462
73219 643
11429 612
62403 466
97779 931
20835 970
96723 835
16598 383
68449 431
6020 275
24309 957
43645 420
64935 989
33047 650
79599 179
33870 515
91962 791
63215 295
86848 899
86207 52
53847 834
62661 113
41038 887
69172 540
26266 760
18472 111
50656 17
27938 816
29200 869
23588 408
6321 872
6407 573
58633 395
34000 357
59859 710
9150 747
8736 153
88783 745
44431 431
59608 189
50601 442
36873 977
23657 697
66352 7
51352 14
52608 65
27286 613
46724 241
62808 389
31151 15
7205 908
35653 852
62451 539
65202 187
37760 172
23346 824
26948 542
99495 635
88705 438
83508 616
49098 558
10239 322
45742 857
1780 764
93115 988
54528 815
49258 836
25632 564
33803 362
32724 16
34796 348
63216 973
56987 180
50961 237
75480 597
56944 465
53675 4
41275 574
37799 584
80241 344
94989 150
56811 92
9984 428
37406 4
42404 858
37181 56
96829 575
17626 796
58405 930
30937 150
3497 876
12731 72
19627 119
50581 83
25177 488
98806 805
72855 32
3634 417
97662 746
73367 224
74252 907
3768 144
76215 200
61503 628
41179 457
15930 416
56172 658
4721 785
39779 587
86055 357
20163 927
38641 365
74256 126
76262 933
10591 470
65292 646
99073 977
18474 550
47837 969
23136 868
72251 792
74292 542
67058 823
18145 89
3246 640
95210 294
56883 7
66259 38
41099 914
12102 110
32503 463
70872 146
16579 603
5554 171
92115 874
31033 420
29136 3
14156 459
49663 842
98271 396
18039 668
86759 153
88586 924
98346 864
65895 891
46244 749
32929 16
6478 743
54719 591
28421 153
5080 471
35000 135
87822 973
57973 168
19011 430
41744 108
99759 516
34508 75
90163 610
79831 565
44579 281
81166 442
91030 129
80157 7
80960 491
42921 690
70541 591
21822 88
97208 573
13442 125
52361 511
47563 49
89271 952
82495 260
47769 710
65642 855
26358 113
62241 793
80821 676
61448 644
97614 715
83262 573
94644 854
51679 801
19786 840
67645 598
69829 807
85144 753
36 142
156 779
63887 414
17190 145
75549 683
16936 111
38982 36
74462 914
4090 437
2116 610
97550 757
83114 22
71943 908
65476 172
33412 906
58664 232
39370 410
42853 640
38761 790
86305 362
25411 921
87307 278
3938 547
44959 243
75432 618
10305 302
86616 871
60801 381
54069 700
19198 988
25325 904
34486 154
39959 587
59934 179
68925 312
96711 674
68643 226
98461 887
43779 910
62832 252
81929 834
92745 642
21506 388
99695 845
52363 756
85907 327
50087 347
42924 541
15745 646
38084 783
12527 512
9191 244
48430 184
77316 685
35484 640
27523 554
55293 580
22815 957
51338 85
66181 501
27032 612
78400 184
29056 1
26299 377
85612 549
35513 120
93188 626
71688 15
45822 747
71196 471
59641 379
90827 137
10854 11
12451 458
11047 222
6675 660
96282 782
57466 194
64488 369
99203 331
49138 503
58249 789
26699 995
52564 676
4876 918
88326 915
5005 829
87142 50
62699 689
69468 764
54452 324
23782 31
33504 860
18070 469
50696 459
71931 970
24776 263
68560 446
33907 287
53272 54
31209 706
60874 776
41267 715
67039 356
76322 605
31503 36
11377 691
48355 943
241 477
78659 61
16966 950
274 336
32923 406
41567 151
9625 773
26021 553
60839 803
9239 819
26014 398
48164 158
41870 279
85210 298
39961 525
7354 320
93575 245
71350 527
14064 973
9037 955
76789 711
91238 532
2990 565
30457 595
33733 501
81311 920
82310 587
1280 818
62558 454
92612 677
48021 751
86214 218
3742 258
34981 755
95690 85
12408 461
11316 730
26779 541
547 473
90801 901
92790 772
90673 483
67757 990
82687 195
34247 963
35066 880
40420 784
71936 389
1414 276
20610 85
41482 537
42463 620
50618 599
48594 837
31442 521
19556 450
12418 213
1766 852
74158 666
99196 265
97679 248
7707 884
31042 79
78308 326
56238 495
84254 271
84964 978
33880 800
98398 842
63018 701
35590 406
56616 712
64122 921
13044 139
78584 386
64515 392
23934 728
20380 683
64538 530
42706 633
81122 182
41455 482
84621 668
1205 99
61071 43
54112 694
33833 972
66780 765
51695 477
98003 44
66357 742
97300 127
38732 194
50598 439
98907 792
84914 544
85097 864
51977 660
35535 118
61645 334
23379 30
53102 572
69627 810
20249 864
23860 870
22872 917
49807 369
59706 314
76148 674
54961 964
26950 691
58791 323
51363 33
4013 29
61151 176
58477 88
43767 751
5921 838
36985 311
76563 43
70602 889
7895 874
6210 523
61830 641
40201 190
18531 949
80031 380
97324 255
53542 801
81250 976
45271 499
4056 605
75285 11
50872 228
52957 765
42126 358
71289 784
74009 536
83413 401
70383 385
33621 403
40030 702
41208 149
17234 831
81657 534
2648 986
29483 858
30822 282
18273 183
954 570
4921 919
6887 477
55163 54
96959 987
15173 759
5132 818
88921 525
35365 852
26574 858
4234 280
5466 902
53217 984
24049 289
23900 749
98191 27
38755 631
21327 815
54766 399
70304 952
53327 145
43647 515
65910 22
61743 239
2845 134
32333 615
45782 8
29599 936
32150 995
3745 295
69793 41
3385 398
77210 387
28424 127
78686 617
44044 476
56977 82
6370 898
65003 553
46340 394
59423 507
72533 690
37552 108
40238 700
50007 696
27979 26
76202 646
59813 289
68791 758
37790 277
18590 712
71709 965
53877 391
35811 379
1599 129
77183 440
3626 437
94051 272
39782 524
48773 995
9291 87
45280 303
21469 406
50999 647
17762 834
70700 976
27164 144
99199 158
33495 848
40027 179
82802 33
81364 74
76740 190
80500 212
59677 421
74363 620
4400 845
31877 545
29912 519
45239 60
5697 721
45017 225
4220 366
70918 175
88720 424
69497 111
90453 449
25608 551
10723 456
96695 50
36715 212
85636 83
97661 239
58847 462
12600 424
41740 106
38827 582
86140 197
30364 921
43486 416
44200 776
23164 904
46411 578
77452 686
83487 30
28757 180
45316 329
70710 364
42739 532
27434 612
38166 22
63692 322
28023 956
42658 208
71129 347
66028 794
57635 809
37075 70
35458 206
47816 643
81823 264
86992 85
22704 182
45525 446
8690 347
52598 295
53683 967
83983 103
20533 25
53598 773
10716 450
32592 988
74348 941
70477 971
47138 750
45395 822
58279 66
56385 578
5846 421
1058 901
20238 171
17571 287
23828 960
87661 393
88824 100
37004 42
7389 280
78495 895
70905 249
37868 59
22158 655
38766 861
91977 945
40978 968
59750 894
93910 574
94424 342
76308 504
25598 525
99068 185
76000 352
24937 882
21251 840
36642 569
12319 566
19105 774
65719 509
2266 480
68043 282
87004 688
38244 66
20052 457
89350 160
44077 13
5300 256
9286 44
37536 291
28673 383
1216 734
22534 709
88477 41
69958 631
44269 991
29847 565
4801 235
34243 444
16973 393
218 274
65715 825
49429 602
48656 784
57240 362
16476 937
63663 962
36511 601
35348 122
70580 627
64885 56
82810 282
90132 762
79915 203
71173 308
96339 41
9962 250
79033 847
82909 279
80480 934
32547 717
1226 689
97169 60
43754 208
43973 477
97231 202
89835 378
20381 111
30373 367
24924 732
54186 60
34933 704
75328 129
87704 30
90421 642
49783 299
44976 919
22397 414
98227 734
81656 96
32254 196
55657 989
64838 494
14386 764
33064 264
62013 522
23396 621
13159 715
29895 944
24761 407
14068 774
52462 576
70053 228
16407 896
32042 565
24198 991
83914 164
98763 748
93612 167
78612 73
48371 414
25048 394
78070 938
97312 137
12877 28
13863 470
30723 153
43778 811
27054 345
75725 132
84970 632
51165 990
68577 872
12581 751
43902 799
86598 606
15727 637
7830 149
12122 941
98580 11
38670 753
29190 151
77453 254
2797 350
85792 138
91598 246
29815 847
42142 558
79632 132
33158 315
49722 764
20310 328
29684 87
13428 50
90799 361
77609 692
43762 945
52024 105
61185 527
7148 659
63096 767
72172 807
21832 622
5463 620
11725 993
99086 283
68922 262
72453 796
7002 5
85813 351
61025 133
1154 964
22606 415
52678 624
85306 942
58412 801
87790 259
3750 804
63445 840
31140 163
35685 345
6751 434
10261 219
74229 208
36099 513
22646 142
4264 287
62784 411
84124 389
58711 394
25294 379
95808 71
71444 682
57975 878
87043 887
44704 294
10977 867
54580 548
30626 400
47504 273
85046 941
36790 837
96591 240
15680 54
18238 571
96325 903
47378 960
80029 791
80589 901
87619 442
60187 45
79581 764
76903 214
28732 218
72611 193
49400 479
75602 664
20490 534
48686 426
41161 705
76447 489
87244 999
47616 494
78861 383
93528 959
11601 990
6668 953
13264 778
59370 849
63422 251
52497 548
84123 947
54197 889
6377 146
62074 949
1734 851
88796 267
37810 785
34612 776
56801 135
96129 963
91957 713
37347 290
72642 53
83679 879
23269 762
53187 118
56891 456
93925 178
86234 886
55058 408
19212 23
87683 738
22393 497
73734 928
76699 940
47462 965
34194 514
25969 943
83243 169
40074 889
38810 382
98241 255
87957 827
79177 740
31318 88
89456 690
34484 224
22844 454
94237 815
63214 220
64701 634
24149 574
36052 830
89130 234
38984 3
32960 304
24506 909
95926 332
18857 513
49935 754
23473 952
92380 49
94069 647
52888 604
37151 12
11616 749
65624 933
31399 444
70830 932
37262 684
19043 108
19867 56
17330 73
70572 306
38223 520
47082 500
92829 893
56111 971
10207 920
48075 491
95290 823
94976 606
52637 385
26600 608
90690 521
34893 401
27951 721
14508 41
59218 782
5920 892
77764 121
21676 895
60544 741
24967 619
147 969
86642 362
78717 18
62312 968
73885 527
77271 995
63031 523
41002 240
62432 535
26605 427
12536 187
94109 335
47336 331
45723 613
51133 901
77222 81
46737 704
28951 381
50480 704
51525 30
47857 611
4306 491
37307 897
68382 442
52346 206
73645 793
98975 543
97078 311
38 61
26114 460
6710 906
19635 206
55503 707
15966 663
34858 350
31853 262
7740 154
94065 9
58089 124
21348 853
19981 548
37297 324
89126 750
53307 117
47803 6
37695 787
21864 237
49127 854
33517 288
20878 643
94328 239
78838 906
82519 862
95446 368
48970 253
14108 892
99222 400
46470 659
9539 475
47968 893
12585 973
2038 996
85705 499
8334 308
94844 291
95567 699
60940 67
76928 886
82541 242
56488 120
82819 960
21447 749
60821 93
16945 937
72958 159
32326 828
6838 344
69683 988
65919 721
28531 829
9741 504
55909 953
65930 975
68833 75
65757 610
24661 556
68269 920
25880 476
89096 697
32563 585
25973 745
69605 988
66302 862
58512 459
62997 910
14532 709
89700 185
81704 281
28981 586
28538 691
18426 169
97858 509
92394 160
67803 696
69039 485
72394 43
37831 679
36822 299
54492 178
99390 7
85640 2
92575 351
43468 684
25590 270
61914 814
35482 928
59999 996
84450 336
3202 796
33887 408
19265 732
72144 18
68444 52
80230 650
94369 939
56540 295
19277 350
98755 413
31238 781
29668 663
5374 754
81278 270
96593 571
56849 560
62066 140
90430 544
44433 852
76305 50
77534 273
55915 315
65536 234
26329 21
9351 704
22686 218
19586 440
79246 575
8746 822
48494 855
40173 589
23493 64
23237 363
46231 391
40370 599
66720 623
63304 749
70978 869
69876 256
38075 370
78942 315
53387 476
64980 367
94288 668
38650 187
83446 859
38593 254
65683 908
63301 134
81489 613
92978 341
71013 782
90860 69
26047 577
91290 311
61840 748
9593 396
44663 425
62819 711
25147 358
98347 637
38745 654
26419 386
68651 715
348 823
33193 57
85307 521
96915 580
8619 819
6118 965
45952 681
74826 424
86248 809
12331 128
71390 823
9891 853
15392 860
23056 718
96027 369
98935 721
82418 730
6559 182
11205 695
75893 971
95697 560
77168 679
90543 235
94997 571
40495 85
14938 14
65412 2
1299 177
41725 867
21066 104
84987 309
61171 171
587 192
16238 541
2750 349
41849 722
20340 826
5952 467
53208 672
53 516
90887 392
9546 990
96374 388
59530 283
53528 434
29188 311
80065 689
14994 89
82101 745
14909 210
30574 981
93695 677
97654 190
85047 835
45008 517
91526 487
77570 410
77327 561
71732 401
69038 565
61506 649
67997 469
49469 96
18172 415
26178 888
57751 61
89866 294
64872 133
33259 87
64025 287
55975 355
39052 449
60208 250
33071 555
73588 52
68683 483
7603 170
29786 35
61556 104
8824 417
55542 77
19941 344
97536 540
91763 346
64892 490
50895 298
71197 632
73589 369
51469 383
57991 455
3887 950
5258 472
94057 540
91126 971
1586 574
37930 816
21668 135
95936 542
14703 861
34714 605
71612 280
14342 624
23261 592
34151 679
5764 801
74328 703
37358 311
85734 665
23104 442
23358 258
5299 496
83586 981
64245 434
49254 642
4877 769
78427 151
69801 642
70583 691
99605 824
26428 469
58831 714
14834 841
6231 780
36090 880
56340 820
29461 814
75880 897
3651 267
69077 516
82207 951
9520 747
55075 369
77411 932
39498 37
90550 957
38001 281
97146 777
66255 513
5397 860
72536 578
29497 604
24344 384
33100 117
814 20
46018 431
8994 977
47163 45
48960 382
61919 752
69398 828
66260 750
12751 710
95552 888
10995 444
59814 73
82133 115
52186 665
24602 26
63377 355
66297 130
43006 354
89288 270
25742 159
70329 164
35290 594
55134 400
99142 596
16892 268
95333 897
70614 31
32583 476
49842 528
23125 213
24151 88
62577 892
83968 974
62314 360
91990 519
66048 504
98959 739
94854 728
51112 712
62428 84
71062 201
99954 382
61568 81
26297 475
75023 211
69710 295
48384 175
30066 861
56692 372
46507 658
19169 344
61899 714
9790 577
33992 431
27452 74
59389 333
85242 308
65439 904
51886 795
9359 358
31000 873
38943 330
32989 226
9342 132
5469 695
41052 175
65647 272
87566 71
84720 452
48859 78
32157 820
43599 589
31901 760
78508 87
67235 297
7986 11
92687 733
19307 159
34558 836
85452 734
8119 782
84077 142
9108 324
53031 574
86159 802
8001 839
4183 992
26741 80
16438 312
91753 234
55735 657
56445 624
85299 286
32810 805
27069 701
7474 385
99560 800
64311 160
27947 276
96932 786
17947 242
12183 19
13199 10
81471 871
80486 270
74554 385
68239 781
79175 502
7019 281
21330 875
68617 54
8402 6
55636 576
87785 867
62043 132
26186 90
92056 166
12775 993
19393 218
83847 346
94574 401
57133 515
29473 837
67052 946
29464 872
294 51
15670 633
58632 739
70391 293
39027 885
67032 411
40644 9
49579 408
9639 210
26098 259
91257 362
40535 204
10746 523
27899 49
468 967
42885 292
16823 434
77436 943
62197 217
89561 431
67881 239
56629 837
18885 769
10572 226
64282 303
33225 243
89662 946
93567 380
20344 792
45249 779
8969 720
73325 444
70366 391
9134 697
73662 73
88892 930
44938 90
83721 279
53975 873
36749 739
47401 570
11456 81
40797 138
6636 774
30099 234
27896 396
58190 77
45161 355
80948 94
62861 887
69171 482
65108 510
49527 363
17708 893
20125 777
45720 793
12873 846
81543 446
72719 205
89992 614
54408 148
86360 129
93739 467
60917 517
54504 84
40360 499
35125 119
53937 892
9211 937
75696 766
58964 331
95315 958
58182 475
37593 960
13700 409
83031 959
21192 838
85487 630
78589 920
77992 516
52712 149
18577 835
23007 983
71453 89
15594 135
10081 990
85247 643
88237 702
80459 726
31312 467
87735 37
60323 638
39958 517
63970 320
25344 411
48406 31
25656 693
3895 889
34693 166
49780 612
11241 538
42927 412
87700 246
28647 71
82415 113
65917 994
48829 348
79669 104
7527 837
44276 200
38514 246
87935 904
66122 264
6934 253
43106 7
41104 614
31308 925
48394 717
6607 901
92465 310
77700 172
7357 998
76297 687
29170 461
3785 650
58830 718
95465 552
71932 718
6425 619
4905 807
15786 495
65448 836
94629 307
44668 795
2975 468
401 927
81377 19
61541 483
34559 628
23837 550
10679 183
93576 842
84306 71
55805 836
2407 149
64297 789
69933 496
65560 11
69384 952
7751 675
35615 40
7771 571
75290 102
92092 111
40429 341
48930 784
27653 991
36427 422
80130 445
35426 69
79939 390
26547 142
37518 862
35555 465
28569 756
18744 687
44989 410
11280 443
20721 896
51106 909
4218 226
7909 16
19617 919
76832 722
73115 138
71611 386
6140 541
22969 232
96217 232
59042 290
48326 443
13313 707
29006 939
43512 536
14320 498
98851 724
91429 825
87941 335
10620 132
1800 908
28988 500
48855 395
94971 292
81233 415
93155 147
63731 741
81241 73
20568 479
67328 80
10565 403
77594 457
89396 734
70733 878
57397 730
7282 888
32019 139
13796 829
90017 258
8697 829
15510 395
28508 776
60306 214
94167 636
52356 212
81214 373
82826 567
58589 904
70416 811
36789 628
76489 180
7232 770
73243 115
49176 551
12799 473
64977 688
48967 594
60679 52
89948 769
10805 986
29764 698
34026 378
1262 900
89541 572
61656 510
78817 771
89919 234
52865 244
16466 291
26981 980
37624 385
18257 625
85570 803
94393 530
67996 369
39032 568
65519 789
75231 637
74151 775
38671 921
83492 800
60736 58
97373 105
66737 397
46404 375
7903 107
66801 133
21977 422
4650 378
85454 426
98819 940
34938 616
39764 282
5838 510
36549 924
25088 224
37652 931
95713 631
56033 174
98636 5
56761 857
5728 604
42556 232
3463 115
87144 619
18594 741
91562 658
75004 695
49406 482
13715 172
33616 312
8868 750
48908 635
94775 231
74331 54
50629 447
69054 170
57113 764
98944 66
86746 389
9120 360
19722 284
3873 694
80115 624
7373 773
77773 358
62999 518
19819 526
99083 593
72188 172
60246 288
61103 785
43837 398
90197 529
77060 324
41693 608
42113 685
96721 372
53469 200
44318 306
96680 181
8510 740
17184 420
40028 632
71516 615
72472 304
39798 783
41224 470
14611 711
9390 105
65238 827
1431 923
47938 93
73627 230
34890 982
8126 133
48596 629
24163 720
65192 688
83674 777
30182 201
38549 396
25874 944
96107 773
36141 780
25622 4
84003 974
13512 808
50506 527
40957 260
8998 458
53009 26
51475 231
35914 808
99992 705
36301 76
71836 218
94652 568
71422 241
77304 954
10897 82
77617 991
64081 364
23563 915
71680 268
32253 256
25263 452
3951 128
12336 234
78256 25
5308 164
19949 138
49203 344
5253 199
53477 900
45969 487
70617 86
66085 460
80489 394
64437 546
87279 587
40741 315
45423 820
10493 426
6143 311
36884 419
62900 509
12011 394
65792 861
80525 641
3561 320
15520 544
53271 836
26506 960
35056 958
90270 704
81808 423
99215 236
70040 311
40149 74
8858 544
84583 631
8214 343
98337 887
36779 329
99853 309
9829 253
20022 29
3164 67
57298 59
83207 518
91596 167
51480 423
15032 864
10736 481
16305 194
78852 865
52020 866
55795 786
11244 41
85029 324
1111 602
89285 808
14282 270
71557 668
41139 56
31746 821
7630 91
23291 161
71969 432
75888 843
74991 205
60480 622
10223 441
66245 990
25832 78
41545 97
49966 201
72462 506
12618 639
24707 201
36895 536
86353 294
91611 725
8447 778
24484 211
95 543
5842 106
89694 387
2322 916
14020 55
47030 654
24057 534
53425 505
40823 995
86554 121
74834 370
32040 407
98648 387
53919 353
38133 184
31342 553
64235 392
22486 299
43148 588
23650 799
23075 558
63761 205
42366 375
1157 312
20029 696
83129 443
11539 652
95677 868
14207 488
40379 540
60703 906
17054 691
91191 386
13001 740
8992 511
91307 835
37600 830
54471 646
9995 436
40047 223
49072 294
24107 467
59481 532
34814 524
59907 336
1398 458
92546 561
47821 481
77278 467
3096 628
79419 316
4521 90
78884 824
69945 517
48054 30
45552 610
625 117
9957 239
50479 20
20184 421
27825 500
87273 615
47498 140
68601 811
99760 516
54816 370
31727 296
97680 726
84586 397
49976 835
44042 709
46084 626
43112 465
51416 482
28520 847
41318 825
40892 456
5684 239
82953 308
1298 840
26876 644
41981 168
51002 986
46024 896
2634 672
76424 772
50 293
23019 79
14847 549
23389 938
94048 988
49691 788
49739 653
66252 800
936 141
72249 2
84137 352
55153 944
62299 70
17697 814
66669 695
73658 28
24334 852
67686 22
39061 335
43696 356
67612 641
80916 782
83087 646
66431 564
20839 177
83427 383
47449 682
5513 327
18712 152
3001 328
68953 666
20668 739
6459 420
16630 57
74837 807
82082 133
96550 990
45589 488
30964 395
11380 80
47912 383
67499 491
67055 185
50219 629
79157 445
12373 42
65365 5
26720 357
63748 367
12730 820
54463 444
12097 257
58107 865
6634 718
26511 482
83402 592
52870 243
12615 120
14234 575
93820 223
4053 887
21662 22
44414 661
63628 147
7118 1
6461 741
30788 501
76704 154
78568 779
68697 911
87753 495
37649 748
65374 233
93572 907
58044 644
71525 447
209 536
17287 443
81545 920
26959 658
34072 69
88144 406
91940 356
86728 432
64943 433
85747 350
13661 576
94317 697
4614 380
58125 40
8463 479
38826 651
39309 813
98863 778
6974 214
32990 180
34244 78
6721 903
11829 367
32809 689
88927 310
86508 101
47441 713
18898 14
82400 84
47331 78
99266 415
13387 964
32352 30
90354 136
73856 372
69759 860
84702 30
71402 455
55262 328
97972 904
97598 783
94446 142
45909 22
37363 893
93760 670
36131 93
63230 225
69869 84
33667 526
44368 780
59441 844
7216 259
63082 677
29968 134
67102 933
60924 788
95543 980
49445 735
90568 976
50463 564
89386 956
95534 64
78369 320
34756 353
60952 333
42533 75
46041 887
63081 559
94567 507
79025 556
8466 512
88277 431
24155 748
41668 768
48614 207
57077 662
87163 789
97063 485
1467 691
60581 411
6859 306
30204 315
11804 868
53838 748
37642 763
36657 314
58078 693
4582 840
12163 397
96707 846
47697 673
92534 593
52309 292
23537 996
76621 354
33976 100
81390 24
45507 663
95796 893
34885 503
16552 901
83703 738
8985 791
47966 771
52094 346
30553 970
50360 364
51611 167
31678 225
18633 772
12276 492
64525 66
97227 819
26707 817
12740 727
55126 455
39663 389
70946 338
90342 111
22096 949
73899 661
87221 900
78056 904
31267 446
14297 783
62329 577
80306 320
49929 789
77937 696
99862 619
79925 965
75664 712
65513 354
49980 602
71002 950
11440 600
44812 662
46256 882
57242 581
88400 997
50637 401
37392 337
88906 477
18239 706
89275 748
57029 356
38648 76
66114 33
68999 877
8364 244
63407 238
39087 167
47518 704
89246 367
74819 867
49214 91
22808 597
60525 378
49305 216
78651 514
36181 587
79348 967
14257 423
12946 85
43880 439
67261 724
15060 930
61780 253
46742 739
50350 840
74093 267
43423 131
45569 666
73211 428
44536 547
68312 671
21055 530
98988 677
32717 740
66693 702
27092 198
78134 619
51831 258
96134 319
56129 320
16334 123
82144 255
5035 574
96930 189
36678 873
76631 840
82717 222
75084 276
6701 465
45333 862
58415 593
64021 215
29452 322
42605 22
49317 499
41926 731
67687 389
7110 6
56821 724
5796 417
20409 746
94206 854
59596 431
4280 413
2971 575
50269 417
55333 157
48514 192
99360 880
72084 639
68183 75
23279 161
16026 96
72470 818
32227 971
86777 607
40587 964
19301 306
8871 120
74212 622
83459 866
46976 820
6643 722
79761 896
85396 709
41048 367
66769 747
40723 377
92588 813
12699 440
30052 447
23335 348
57348 76
38809 714
17460 506
52543 105
79523 29
95287 653
30842 843
23073 633
91873 120
57262 307
24307 318
97822 423
53703 223
82029 166
56957 71
96482 48
52197 202
19323 755
39472 753
50333 415
48001 82
17965 155
20482 80
70735 603
84826 123
11302 981
74446 618
99722 577
94147 478
58666 259
9756 507
2281 764
79271 376
35520 936
75885 657
53602 477
2730 668
68075 515
37001 663
41183 152
11252 78
55028 526
7461 454
3625 839
70542 755
35833 457
54104 911
44872 108
83145 903
13664 872
15872 94
67776 1
13729 95
11926 686
67298 898
49096 136
56682 718
9718 932
38751 602
9990 165
89360 87
98753 424
16368 968
90742 542
11775 820
56263 514
99942 259
52159 136
93471 730
29964 744
62177 902
69761 741
65884 765
20247 724
78008 642
51811 667
89543 592
20260 974
10577 370
75837 424
51875 409
85534 416
75942 171
39908 9
35908 83
6726 941
10982 249
94527 456
48461 830
68544 704
17851 724
97747 738
50665 470
84113 76
80717 39
31244 756
96654 289
5561 485
38667 182
19449 469
76920 530
4564 87
46869 1000
42044 106
17656 586
77695 849
75354 765
10817 737
60314 666
38407 378
14918 577
69220 661
93243 850
58880 111
69274 350
68457 643
20525 230
73494 849
82078 508
7247 419
30159 438
47424 71
25842 534
21887 661
21546 465
26412 86
75392 358
91292 755
63148 904
85173 435
76404 750
21943 856
98375 242
41568 995
54092 301
77555 712
51140 906
64784 105
20306 603
52718 223
89730 602
48291 914
81736 304
28878 798
1591 489
51851 550
29607 580
83158 489
8881 673
79723 74
20461 502
38829 384
59353 440
80327 968
17041 808
63011 269
62806 991
89418 435
86258 918
46952 732
62375 903
47584 192
59312 467
22399 905
34102 870
88772 373
68744 974
84528 254
93641 868
75202 119
40882 552
11592 917
10796 16
92670 497
29742 191
1519 730
50017 332
60830 448
6217 970
11810 437
18062 942
27493 309
88725 414
60906 319
32506 735
39906 737
7883 213
54986 19
84322 88
42174 772
8368 138
37985 893
30802 314
80407 360
94498 23
96824 563
37532 468
29866 774
78610 469
26283 680
42918 593
55120 827
81615 343
21432 668
42546 531
63005 463
73456 890
6870 468
71789 235
55655 799
12567 830
80711 610
89325 393
3763 261
10362 337
53846 84
75623 842
2777 233
2508 618
31820 378
26061 434
86081 809
25741 84
83839 698
71242 170
80511 218
34785 515
33389 613
18881 161
47550 788
7916 578
13166 272
55353 419
74776 641
69538 946
55361 537
17723 542
69011 168
25359 826
32038 110
18832 426
71778 437
87846 38
96781 53
90268 371
50125 642
60489 581
45448 822
96659 105
93730 976
27375 316
81121 590
6005 111
67453 140
75487 763
98537 801
78155 708
19341 23
35211 393
19138 868
47373 99
83169 498
64627 296
10792 972
33174 212
93417 102
2837 970
57650 302
69249 650
3799 722
71262 3
54379 272
43069 658
76567 624
78856 901
62236 397
96393 970
75166 349
14706 253
33369 787
49533 676
42051 89
41145 603
6549 338
75911 640
30293 191
64334 515
35254 394
84236 872
79499 100
6105 443
99446 210
54799 602
30621 618
45211 682
96033 438
12365 222
68938 259
33305 484
2422 647
86332 468
26312 604
74565 110
11127 270
46030 546
52689 286
25249 252
3248 917
74511 619
3438 778
97576 219
65741 567
86539 67
42923 63
79314 184
4894 156
38111 885
78893 451
70538 790
33795 554
77398 47
48958 846
55282 520
16685 601
73812 164
57549 473
91087 919
76109 899
82141 760
24121 919
33496 561
28532 902
64808 97
88309 334
92859 871
7416 456
72168 15
42009 29
86009 156
21947 19
23970 516
58313 630
47730 674
61095 357
72027 151
32684 341
7811 292
35210 19
98178 133
16653 823
17095 939
92976 371
66970 138
22342 16
52373 568
26896 156
60795 149
5951 503
85195 337
89670 49
51273 85
29241 441
54376 542
99746 636
76431 818
26242 780
4965 463
2222 967
83614 573
53265 599
22871 458
8688 43
82088 325
36701 62
32950 103
80447 881
78252 321
12854 272
10944 917
67292 144
54151 642
33983 354
9436 638
59315 439
32972 898
75561 938
57122 523
65161 69
42292 560
60288 287
64242 760
96882 809
44029 514
12598 955
31101 92
64731 581
18544 829
61442 34
25173 15
4228 726
93159 58
83163 467
9534 56
83077 439
82254 679
68425 388
44404 593
24360 32
71580 855
14383 619
22809 608
13481 934
93065 330
31488 717
88940 112
69283 214
54987 677
39977 145
46044 62
38074 350
65743 668
82984 560
77096 954
99959 648
87305 727
30615 920
35941 513
50692 286
7385 403
42406 846
73490 339
42408 311
63436 45
72221 149
32456 193
31576 92
43061 381
87137 286
1912 375
80082 170
13692 843
78347 992
66842 983
22723 809
59371 427
36385 899
26621 431
81175 717
71447 772
11184 437
78460 278
93610 959
7594 341
75490 44
36149 797
43157 130
41625 720
44037 401
56777 852
36718 943
86388 532
19934 892
8056 580
70712 923
25745 446
90120 623
17398 406
53491 979
64020 382
7671 17
51536 256
37382 103
56096 326
85981 687
12269 906
64748 419
12851 599
86680 228
3469 410
22009 802
11732 253
92639 766
12087 647
62449 793
99661 160
91167 847
31764 152
66430 807
77338 341
61796 206
40142 64
66157 31
41055 225
39106 950
58360 758
73684 81
41216 852
44319 885
16810 589
63131 827
24333 77
22762 698
83326 423
11240 843
75019 310
81801 121
38147 55
75821 647
74911 365
32329 817
48056 763
39457 616
42246 907
1452 633
75322 939
92271 744
9584 155
34095 602
40342 19
46593 637
4846 697
7852 71
46008 381
50610 671
96980 790
97200 908
73960 265
48938 869
64379 12
45111 289
7841 342
44115 904
88183 704
12128 23
53003 821
39016 880
95354 418
3322 857
7195 120
1445 209
25537 177
70467 833
19987 800
66723 91
63114 672
38511 986
2230 874
6971 765
24033 315
53249 756
88008 383
38571 26
29328 1
20906 990
15475 466
58470 10
94129 913
37954 396
13177 11
90349 784
52710 565
40614 789
25780 709
74596 152
55263 515
2647 42
4356 301
5353 257
43846 83
42474 559
26555 519
28353 736
66615 243
82483 284
10799 931
16210 816
55000 236
59848 547
81029 870
54656 472
33692 378
52517 895
77310 176
31431 270
68941 688
55195 242
15645 879
64774 995
93578 14
75577 572
97973 961
17574 777
78951 976
80910 880
45438 35
35143 41
10070 62
32147 524
92726 90
92156 749
19933 819
87339 669
80513 443
78357 983
82756 4
62391 828
33941 463
9341 813
35521 972
12644 757
41723 280
40456 688
81710 612
78225 676
31961 329
81205 787
28895 643
21566 734
8121 923
85151 734
87361 592
17642 529
77835 76
76441 73
669 463
47788 5
4936 239
27353 405
14566 291
50283 567
35346 688
18726 872
4982 644
97888 762
17417 137
27365 890
49374 798
65038 678
77994 280
90596 132
48688 780
46134 124
52948 146
10735 95
14862 350
86685 151
35282 488
68074 668
28613 109
47327 282
10583 258
20365 394
48310 649
71630 256
20143 945
97462 488
91675 769
81700 435
43529 314
77672 949
41887 453
65498 164
59858 830
32674 237
83090 566
11628 548
52243 806
39461 673
585 504
89501 540
93473 745
4703 671
78168 963
4973 346
5445 277
63152 956
92698 455
19988 63
29555 329
26984 950
24064 503
81472 669
95157 919
76131 652
17464 243
38738 807
80803 648
62394 946
19158 544
87464 615
75842 945
76021 69
34539 14
70616 50
84985 73
2957 132
41374 768
50153 142
7613 129
29243 219
79687 811
97461 81
13043 843
46694 850
55858 764
9624 895
1884 516
68818 737
41503 835
91926 630
71442 948
3518 275
84944 258
34379 740
43659 539
50395 879
65146 706
13409 435
79250 787
37209 585
96791 551
57868 766
10313 687
70447 477
64124 502
30352 903
27911 454
45927 159
18042 666
66896 929
42100 383
56931 931
79701 659
86999 118
94614 718
24275 246
53185 878
57872 637
45989 702
23839 352
66094 216
43907 748
20773 314
17824 713
64230 162
36150 15
653 36
93132 952
64591 525
40647 439
43484 265
37869 43
34453 119
42911 275
71220 116
72225 803
40608 925
33919 268
74649 806
22939 175
13912 716
58441 486
60520 518
98287 950
6705 144
96264 513
76224 20
47863 230
74772 461
46641 232
34600 682
13158 91
16743 813
28519 503
29966 686
7774 286
49495 28
1200 167
62817 799
17614 404
78905 233
98856 631
30161 226
774 646
51039 98
99274 893
11796 593
89553 114
87154 818
96243 466
62715 502
23951 825
61738 581
15982 978
56681 866
21272 328
83909 472
25784 939
41842 605
59877 885
91588 416
84110 384
97899 54
1513 463
80053 130
29885 226
24790 176
11934 985
63890 828
41907 712
19799 235
52250 166
41247 236
79721 536
5813 813
62105 695
23225 499
50986 899
19756 611
93089 977
18723 616
60021 619
43479 520
95093 77
31309 705
68527 857
79450 57
32888 12
74309 647
76384 870
78097 310
76867 694
83417 461
40268 476
76948 28
17829 642
73164 601
52302 432
86387 254
11226 89
78859 982
21938 2
54856 976
28616 902
28759 143
5665 247
35376 508
3265 570
49399 646
54974 378
70317 196
55257 616
37276 620
49843 833
4378 349
55992 875
6901 257
70388 943
78353 590
58622 363
20319 161
8254 659
65634 851
76477 258
62741 866
68615 949
44460 568
56248 618
5349 450
70984 42
57294 215
74184 124
48222 638
1611 696
60669 882
91804 574
23460 509
32047 809
98123 487
27897 393
5281 401
88639 459
92283 198
23347 903
44012 417
50265 960
19808 803
31694 413
52173 502
13835 77
34746 396
9927 103
25735 465
46086 118
78012 184
6761 128
28097 915
5422 918
47719 879
357 652
41558 660
92016 788
45748 582
52509 738
80018 127
89175 323
46562 576
83059 801
45412 976
6294 651
72378 37
60291 618
92631 57
63729 552
49536 310
63959 979
26487 655
47409 497
51538 768
23647 534
48778 13
51465 440
85495 988
62465 520
24383 893
47009 190
25956 514
87835 297
30586 94
96080 665
67789 898
3967 929
3782 273
1717 103
56746 259
39989 167
11057 718
48464 394
27915 803
17443 680
79766 632
1883 140
72750 119
19667 249
64010 410
41818 755
38129 694
46905 92
34710 992
37764 987
4486 306
57804 477
70885 787
17197 56
80254 487
8912 452
15555 8
15005 514
5394 541
40383 310
13165 535
79641 419
8284 75
67360 965
76302 222
19183 695
74011 369
71103 910
90507 603
91838 18
55635 484
6323 975
37505 61
98439 135
60784 321
13172 63
99590 221
1122 492
54831 337
59620 366
52457 223
11576 121
91756 8
40481 657
77882 992
17770 770
70897 259
37069 290
23549 943
13758 121
86022 905
80975 964
69 960
81083 989
99674 709
28690 18
94723 696
38940 671
42611 417
94526 623
47759 612
57942 639
98921 130
25611 884
27599 252
80225 872
85074 174
56668 993
94922 259
81379 335
23490 828
61435 934
11869 741
63345 119
6782 223
16517 107
57324 520
76170 392
85496 275
66928 381
64655 459
88095 288
53845 68
88367 883
91431 664
26066 596
61626 619
23455 736
30401 851
85628 539
92337 262
1015 348
78953 983
66477 862
46140 855
16676 908
54448 141
63581 949
45382 410
66532 891
21026 588
54152 160
70529 896
12019 213
60044 970
83719 976
41855 347
93818 113
390 131
2343 215
3668 72
28176 432
52992 600
44280 125
80730 876
58273 347
12329 200
43453 649
89217 231
78049 287
39402 55
89698 154
92008 758
78874 887
24636 476
30164 863
76613 878
89804 416
63223 132
87720 595
125 68
91661 483
12732 77
50759 292
57419 23
52525 102
91942 524
55835 514
54821 409
77076 61
47005 246
36133 322
15295 96
61011 662
60574 954
91649 134
2705 312
4751 457
57983 570
59871 537
68277 570
32569 511
52275 568
51409 173
46844 40
94074 756
79343 719
16246 63
32272 414
39313 708
35782 181
51200 94
47176 526
46296 69
69691 835
58194 939
31023 138
42068 691
20590 394
13023 948
54184 528
93162 566
21967 627
97147 211
27768 323
42087 356
21073 599
85970 317
80332 303
75505 454
9770 23
73603 31
60756 12
26125 789
53300 183
88553 468
49306 713
14200 70
30443 382
90399 294
62524 306
96502 743
53118 537
71415 223
45957 307
84810 207
22160 883
24300 142
34641 130
53323 624
36470 931
23997 729
10010 173
65761 19
40808 211
16587 413
78714 310
21963 996
81119 586
57928 615
5746 534
69020 51
45013 364
7951 220
56233 723
33422 202
21520 336
28944 250
72036 382
71387 898
20416 970
846 767
61703 542
35366 869
38431 159
2014 123
5686 231
85000 827
16791 440
65692 396
11983 666
41839 937
12733 514
50809 278
99884 639
58840 636
4684 323
37920 605
68353 125
41008 355
68335 374
19220 891
65425 684
31174 482
24938 754
85282 344
63062 928
54125 282
72129 635
13309 198
97035 167
6827 72
371 921
51491 934
86965 11
20335 88
3176 916
79216 225
89308 50
70044 91
42440 748
80621 974
45542 370
901 86
30 657
85508 804
52445 603
77775 562
77389 103
30516 479
78773 494
49636 425
41491 877
20281 930
89047 148
91931 496
47053 43
36576 748
11533 763
36488 138
72572 955
60591 611
76616 474
39217 842
87005 869
48490 24
50126 627
4850 989
48758 302
75206 333
3595 660
32622 770
94127 407
65494 787
66516 751
97053 62
4436 220
20760 411
97510 511
17055 460
32755 447
36226 442
8317 10
20848 387
72852 120
33336 326
71822 155
42070 750
43840 819
24612 44
10842 15
64428 415
29800 687
67042 677
28666 423
14654 40
51187 668
68458 252
70501 393
35076 393
94255 757
64521 71
62182 787
398 744
98206 952
98797 530
93036 386
73538 975
4974 199
20531 573
82896 81
76365 559
73806 115
3210 76
63594 750
39627 401
1964 350
32469 79
7033 981
61593 880
61836 85
96184 658
90085 720
33097 924
74443 425
46409 444
60439 254
27102 692
17257 905
80171 352
70877 533
29161 594
30006 151
20892 562
20162 741
45978 354
87470 227
15944 202
83312 309
85964 40
98906 709
87395 376
85068 984
47100 974
44321 488
29013 987
93819 42
78503 900
20267 612
5844 250
22588 201
48219 67
32056 429
24452 221
45598 800
50441 399
33816 852
35005 558
82431 297
11563 444
18937 190
83357 299
36752 887
58952 559
77750 37
20017 798
47705 211
5111 947
27283 263
77565 752
6546 852
35334 48
1891 534
36286 459
59060 970
51101 567
27639 61
23100 602
95778 988
41713 541
28612 669
67196 317
31457 152
98562 416
83605 63
80317 880
3113 42
53970 395
60864 393
59421 392
66318 876
63680 540
50566 345
5081 932
9165 848
34184 832
20258 288
95368 294
48707 221
79654 202
5767 37
1896 875
64065 206
44463 679
56624 386
35086 821
78027 519
74098 658
23640 243
54782 296
96875 786
47665 185
79547 438
97260 873
27381 398
14578 165
68902 670
22546 137
94223 812
98546 476
13876 229
84637 848
17843 101
34610 669
67158 451
67134 149
59851 67
76601 58
52775 441
94816 883
59715 278
5131 588
51707 921
94916 796
42836 234
20360 721
17992 120
32926 513
50972 714
85324 627
84872 802
75375 969
15002 886
37924 382
9258 569
9997 338
76196 626
72648 912
90906 143
23692 561
50037 287
84786 572
81512 93
90955 431
6202 121
44340 291
10887 844
91631 405
61107 119
73835 376
82181 150
10623 816
14019 768
52400 806
76992 955
16539 932
51239 369
9851 79
83096 478
76143 101
44457 549
72087 891
73414 647
25532 30
36490 483
25564 502
87798 83
83671 299
85722 690
3243 967
81878 647
91056 776
77781 639
60698 431
26567 308
36242 317
20342 496
27485 89
63618 875
22263 368
51482 592
95944 322
40724 345
30152 674
75284 717
99917 585
9383 45
80385 857
73261 905
12677 680
82244 518
76157 884
3729 976
24391 420
19967 373
23519 835
27132 379
17365 836
42640 761
97289 662
72504 570
94325 602
83712 193
19125 388
53146 241
37834 903
24698 61
85300 423
56585 682
53723 719
8522 363
72006 318
82423 879
82274 149
3925 156
85209 767
95656 617
56601 286
40218 863
81190 478
3601 448
32821 383
55117 849
42052 234
12322 510
13112 658
11737 337
38056 587
7857 574
26998 400
544 842
60038 353
15802 718
80188 537
54982 882
44666 850
48141 686
61627 304
55184 70
2466 54
72911 956
63851 291
62735 666
42835 185
13121 365
16885 359
93596 867
5916 153
67704 310
17567 99
82527 756
48739 329
48469 32
88113 53
85369 270
42137 938
35987 107
75046 494
23675 174
31879 542
1678 103
52244 542
31088 767
57841 33
31946 666
68015 684
48800 765
49728 765
7976 54
66088 472
89787 902
28716 558
44625 334
34753 416
10952 405
31056 217
35658 852
59794 954
33871 128
1071 45
59770 951
79786 729
99106 324
25254 970
11135 284
87214 474
65955 611
36564 856
45488 394
6535 936
56314 887
35332 784
9870 129
93636 290
60270 258
54907 966
88300 673
90879 422
58655 783
94379 631
37995 602
51280 947
93573 50
36859 396
88436 660
3044 76
97420 845
67570 810
5820 766
55359 798
21241 755
24639 864
2724 874
92044 316
2675 950
18028 104
86689 753
70647 557
35516 326
25737 417
21953 833
81634 647
34532 593
53949 144
86193 468
26363 300
63000 929
11693 852
83478 897
97127 920
95487 187
11187 815
1755 580
52914 197
73773 633
94897 521
34930 650
71911 319
93375 699
864 19
90975 93
97335 989
11182 698
87489 562
42751 194
94297 986
96418 811
4059 455
76678 295
93292 451
83447 122
69603 230
27449 851
96629 307
99697 141
45086 605
63524 833
92453 416
30064 245
92395 717
27567 977
76679 5
98282 593
37436 461
3149 291
78169 319
65248 415
32048 475
37326 336
63110 509
71616 565
81948 242
47991 347
66791 999
2487 760
33806 602
50921 649
19132 322
28545 510
85692 786
72299 230
95383 606
95628 446
39129 672
81217 879
96162 423
99813 931
54826 153
2320 652
37301 503
65245 133
56056 204
9902 704
22788 97
24901 676
27025 857
36424 950
39312 39
94135 771
5648 275
72181 184
16982 837
73656 523
46731 572
29402 304
39115 456
49145 881
12498 175
69141 81
94326 996
97346 97
62879 945
6681 938
82103 996
65762 774
33848 608
43866 450
20676 527
38017 5
29547 908
2772 926
18996 598
43838 895
55065 396
37683 916
57144 287
11709 911
887 29
35583 657
50723 845
15797 755
84485 512
87280 124
30325 665
92842 516
59083 690
24571 213
2201 705
3422 760
80220 607
27331 874
7310 176
56941 350
47520 177
16589 431
82916 875
96854 566
57092 710
21097 796
38545 45
88512 308
57197 243
29492 629
87240 239
37544 834
44499 137
17400 270
86657 98
50450 512
10322 949
64526 104
56357 118
98238 478
6257 155
79417 486
23268 399
76392 892
9845 583
73825 353
58968 306
7177 881
2075 973
32052 769
40245 68
48765 958
24091 380
8044 665
82454 187
43376 7
57137 385
38722 559
66351 906
66189 418
1400 714
91166 838
45550 821
28364 508
42865 727
82191 14
49225 318
89579 863
48352 8
32628 467
1427 882
6538 333
26320 309
49345 1
84643 880
20991 489
62632 743
66042 486
72864 846
61279 82
49665 461
85033 201
36844 342
40361 431
16790 50
88434 123
14865 182
92901 870
74194 464
13265 835
43872 42
28214 934
26633 904
54497 507
27446 243
39644 862
16166 674
47740 36
90048 264
4821 662
62788 810
20458 656
24521 143
76068 939
35494 266
41112 302
65106 451
54780 878
92308 83
24569 528
69601 138
31485 869
55366 81
14714 143
5876 898
46075 629
39550 473
36661 794
46096 479
3552 729
42607 589
1048 741
64102 839
88197 264
41006 261
61682 894
97854 326
94685 32
70376 263
49785 348
57553 256
47191 75
60813 916
81370 26
88803 498
24366 444
95331 19
74809 132
23899 951
41562 177
5155 650
54922 452
25879 968
85962 602
629 764
49477 859
93371 848
68642 636
79531 157
39047 875
2740 817
22261 560
4311 121
32745 852
4453 229
71014 910
630 808
35322 742
84363 267
96009 265
92780 266
93079 590
76129 943
86176 396
86365 943
23378 749
45587 656
85549 98
41230 233
96893 732
87576 24
59605 360
86714 870
24180 209
9184 323
24154 113
76430 908
2225 507
97107 583
84904 135
80784 375
8811 767
83949 93
80363 681
90003 214
39002 786
27123 846
42422 255
46837 787
52008 939
30044 508
31091 720
38823 832
5895 950
15390 818
56677 814
23702 251
32756 303
38949 266
4224 725
63909 383
10435 119
79050 452
34540 218
79500 637
72066 928
