600 88
75
889
692
851
192
640
174
398
32
127
992
60
526
718
209
758
102
201
69
302
275
121
925
192
411
651
576
941
624
482
456
124
540
70
17
546
497
747
312
413
501
948
796
393
971
170
179
968
700
661
83
462
546
876
388
818
302
955
767
52
70
729
436
676
44
401
256
493
176
183
444
345
541
216
56
727
116
60
489
195
537
200
737
878
191
457
973
925
934
537
581
273
867
396
560
196
685
918
592
89
294
378
300
879
96
538
298
684
849
719
747
195
967
134
927
121
272
571
56
370
263
276
642
800
904
307
706
25
199
872
914
550
302
17
565
830
867
689
337
826
779
299
457
900
453
577
592
454
505
483
146
695
131
676
398
11
867
43
728
906
312
8
433
177
656
530
55
873
534
631
468
182
360
459
866
448
625
992
220
853
253
975
60
154
925
165
930
633
909
277
632
696
664
838
66
783
844
382
210
21
17
189
680
33
766
225
421
750
927
695
502
826
56
344
870
328
429
486
684
526
43
157
248
320
142
678
96
88
721
278
1
222
80
1
140
969
588
251
18
194
183
310
979
877
998
275
887
874
223
731
604
902
591
583
519
436
920
471
300
180
936
645
882
122
70
370
208
950
917
735
842
551
585
387
941
427
204
250
356
186
467
677
992
719
879
824
593
125
940
695
323
578
61
408
396
625
784
432
738
574
386
807
690
45
811
371
718
814
836
256
52
6
909
723
481
564
779
312
56
676
438
845
325
740
634
231
972
678
333
704
840
952
78
342
534
292
750
255
497
911
915
481
769
48
116
686
252
966
105
328
857
816
185
526
746
493
927
424
872
21
901
425
174
346
746
6
401
565
487
454
884
902
486
332
232
110
144
644
93
232
522
828
46
11
798
299
997
83
430
133
297
683
198
935
342
634
106
832
381
521
627
54
292
764
27
82
294
714
199
276
147
861
493
619
806
422
94
324
918
369
30
177
247
849
654
757
65
945
397
15
335
93
664
798
821
150
44
611
641
607
108
501
603
542
609
131
340
871
762
313
567
841
205
169
536
495
868
6
767
635
607
886
285
670
226
992
510
465
673
513
237
166
268
517
46
34
423
669
688
199
547
87
755
17
928
540
986
953
78
102
942
472
887
506
89
689
931
17
147
464
809
980
661
235
31
84
562
574
429
502
214
553
680
977
596
583
392
833
351
386
79
885
398
875
381
805
719
553
41
146
114
96
606
175
124
660
883
153
924
476
83
525
184
97
556
227
393
807
632
706
553
780
408
470
155
331
202
152
925
195
60
138
687
225
125
109
314
556
206
152
645
493
455
518
642
186
151
838
753
397
714
377
539
770
988
510
182
629
71
144
627
376
528
490
169
393
817
405
45
248
