10000 1783
430
63
236
946
895
552
613
780
289
244
810
833
152
756
26
306
792
386
100
270
753
895
99
569
785
436
416
773
527
358
555
874
211
736
367
102
443
279
927
640
825
835
72
822
144
886
568
243
612
861
645
320
743
431
479
297
303
845
710
746
76
736
77
817
491
865
399
658
706
388
507
901
587
323
2
109
988
39
108
563
673
222
307
670
350
683
118
667
771
926
928
457
38
177
765
761
291
791
955
868
804
200
312
564
510
583
177
948
909
852
155
753
83
349
161
226
801
727
274
861
884
305
656
280
177
845
471
35
450
227
981
224
55
710
257
248
256
826
580
338
112
554
874
16
152
971
714
222
64
246
405
920
75
167
716
320
555
463
968
251
730
428
816
356
779
999
552
845
264
796
372
441
27
177
148
798
416
94
250
416
845
870
14
778
355
236
505
775
979
503
921
739
874
892
638
783
876
727
307
712
369
851
529
459
35
864
534
144
210
305
712
171
854
917
752
420
885
209
82
418
868
469
111
329
154
954
733
424
244
747
449
234
932
143
73
473
497
155
616
483
63
362
463
411
579
322
281
536
501
965
466
231
388
412
665
505
209
988
878
945
486
939
42
7
216
713
37
161
807
696
807
715
638
258
576
24
413
803
730
99
627
860
692
729
676
402
735
52
656
991
493
681
53
513
505
796
763
979
615
204
174
769
540
539
616
126
838
281
201
248
766
330
845
184
309
588
487
173
730
112
248
823
833
277
475
819
189
738
134
411
717
713
593
932
947
897
551
5
868
801
18
649
62
802
938
164
266
300
342
591
952
215
900
982
205
187
427
251
771
493
500
608
641
558
355
363
759
744
215
950
583
813
34
360
222
383
520
695
108
200
540
528
286
774
335
973
757
802
434
973
606
961
727
281
700
772
592
37
327
409
703
478
895
668
719
257
96
646
531
16
717
976
440
674
714
505
118
577
279
125
427
374
372
175
100
938
201
86
19
575
377
175
222
909
37
142
24
404
413
470
175
38
185
967
409
4
719
765
123
700
31
778
45
125
121
315
141
988
115
742
154
14
879
36
16
168
499
703
236
558
771
580
380
425
46
485
87
492
701
982
686
809
210
443
302
537
898
35
102
788
32
736
411
172
175
448
6
68
430
606
700
806
642
418
41
164
940
2
879
880
194
344
148
111
315
426
877
188
818
708
647
868
291
396
767
587
486
50
474
853
891
888
865
284
368
272
764
828
792
715
861
554
995
590
774
799
640
967
342
888
109
446
135
233
860
483
311
566
454
919
724
296
338
370
448
133
243
792
493
52
709
840
486
367
299
106
321
613
635
715
594
493
566
155
92
953
437
628
904
338
593
474
308
357
145
832
996
195
697
872
839
107
691
267
196
401
492
314
575
757
443
582
809
765
771
400
776
820
460
975
732
86
696
439
720
370
916
569
849
104
824
184
619
585
136
136
280
601
418
231
799
389
559
262
527
409
23
683
269
474
383
111
31
991
941
65
87
904
455
716
848
30
915
549
671
201
788
109
819
900
741
395
428
806
210
779
263
788
677
948
111
741
901
991
280
758
909
284
77
928
261
119
982
486
368
679
311
693
606
736
138
106
994
37
43
433
986
140
486
259
695
105
426
208
278
292
16
477
417
60
152
648
88
185
667
255
212
620
250
910
566
221
497
290
55
865
837
632
119
251
658
479
595
665
507
165
527
86
535
267
169
750
74
521
500
703
990
217
753
470
177
381
774
128
274
506
363
196
451
738
129
652
880
700
658
258
572
974
170
926
683
50
30
709
835
222
14
769
34
240
148
990
481
833
234
939
140
51
972
810
381
460
609
594
138
514
776
492
695
668
315
228
647
818
155
362
622
659
243
416
380
1000
160
112
783
254
860
984
827
810
359
196
146
637
525
960
509
944
30
765
732
496
203
636
738
863
713
734
86
578
788
483
765
406
75
364
244
677
542
203
419
166
784
645
668
388
387
955
144
377
573
715
229
956
475
490
614
709
799
973
672
428
723
341
629
796
392
753
685
121
32
100
19
419
973
649
860
467
948
400
992
738
48
608
913
17
184
44
98
576
596
332
513
5
712
826
902
490
960
621
515
303
19
244
247
445
917
310
377
465
80
147
607
464
440
734
667
13
183
343
906
970
127
217
139
122
262
243
758
605
218
855
197
544
133
686
494
385
752
779
952
317
103
851
89
181
528
299
864
668
821
512
846
15
653
459
347
233
239
847
715
818
5
247
502
480
469
107
935
821
691
892
505
912
133
27
587
234
718
346
363
928
487
217
185
230
332
678
526
136
412
602
6
900
710
55
799
179
417
446
217
985
853
235
766
481
302
470
75
4
716
91
185
446
698
152
631
735
680
125
567
544
472
49
92
842
467
52
742
41
661
569
905
730
986
113
21
493
863
320
411
7
180
921
167
809
875
399
867
488
301
327
550
275
532
919
869
717
990
784
408
74
521
880
350
736
904
440
859
41
758
373
57
596
649
196
998
320
86
921
599
914
740
936
199
393
2
893
463
207
875
609
328
959
250
266
137
266
350
920
635
913
153
453
500
726
569
24
833
719
900
709
684
194
83
120
716
200
943
990
81
831
681
206
984
842
940
512
802
549
871
856
869
522
683
582
667
453
624
377
181
215
872
485
589
550
265
956
310
964
152
462
219
958
789
866
580
977
226
987
114
121
83
401
311
974
103
500
850
903
251
801
992
717
12
344
542
293
523
23
25
867
637
964
945
160
321
456
376
615
855
909
586
118
863
848
172
748
910
984
988
954
505
887
966
900
197
151
397
606
959
847
915
123
868
925
659
566
220
728
785
21
398
391
432
26
324
702
231
186
358
458
415
877
446
117
218
851
407
811
509
155
727
925
688
780
947
757
181
799
946
358
815
371
248
456
510
374
289
387
305
906
764
347
856
514
404
560
783
944
899
411
169
478
834
557
762
786
253
573
369
336
727
77
271
979
993
289
75
398
861
669
547
932
901
385
660
686
821
368
766
975
30
816
399
857
34
664
932
335
409
552
895
751
148
432
190
351
391
602
537
660
796
242
57
390
462
440
2
682
377
419
259
203
259
108
621
617
188
143
934
306
633
994
439
421
508
920
1
552
878
737
582
221
671
582
302
428
379
756
170
508
115
901
472
16
492
158
516
524
7
190
611
156
289
975
365
368
574
6
24
771
431
1
567
965
278
908
772
77
793
403
953
346
489
30
994
345
983
615
920
713
979
828
843
105
786
875
284
639
313
254
366
778
893
915
52
984
919
883
967
776
987
376
37
413
286
576
398
183
208
938
931
59
806
841
806
271
238
766
367
945
235
285
418
19
643
738
845
699
202
409
277
574
147
915
881
513
916
110
375
43
661
253
163
370
420
116
765
948
178
944
715
162
152
613
338
119
530
66
877
496
795
468
875
94
137
720
50
642
951
777
529
207
600
601
320
208
517
794
797
55
267
622
84
309
70
188
411
613
172
565
298
591
53
538
355
924
727
666
18
606
392
378
982
115
771
393
719
165
300
979
130
519
435
949
385
353
373
78
898
348
892
923
162
958
572
583
851
36
192
484
978
144
346
634
395
202
980
810
426
389
146
388
262
734
727
611
405
295
257
666
992
480
540
606
708
161
876
371
631
446
141
198
221
600
648
506
111
87
114
834
611
303
597
72
11
619
867
519
401
473
135
729
936
876
536
940
628
202
250
872
202
313
475
975
143
78
488
687
165
521
246
503
479
139
77
499
611
887
245
921
129
269
120
478
816
550
544
72
24
202
62
432
296
998
392
42
812
913
36
578
913
751
993
74
9
12
466
518
246
722
954
394
857
842
671
946
625
181
94
356
275
730
682
991
508
428
157
147
25
612
255
286
800
674
273
267
817
446
468
330
362
609
620
333
66
247
491
126
6
899
870
785
428
743
842
701
86
909
901
512
384
794
54
45
41
247
89
174
868
338
751
955
971
494
388
428
698
380
591
207
958
506
29
880
182
30
262
792
937
222
90
773
451
346
314
119
600
256
267
676
177
488
487
801
530
652
882
510
263
111
153
391
553
361
214
463
932
881
751
196
226
649
767
51
185
762
371
826
705
428
411
155
784
334
788
643
145
838
622
53
308
476
353
643
954
248
595
207
144
646
264
21
99
851
705
911
592
140
859
38
143
124
210
317
622
764
232
694
905
154
122
180
392
528
758
452
104
509
692
865
199
60
68
509
354
614
964
719
390
694
653
254
203
12
880
23
193
614
776
845
815
984
876
432
591
757
48
750
897
266
173
415
763
580
945
934
606
368
233
581
912
546
516
334
326
25
285
323
382
126
29
221
690
978
730
436
564
64
352
389
70
61
37
119
650
464
556
474
644
430
78
463
851
147
626
344
655
429
402
714
756
735
220
460
321
467
22
927
96
333
204
397
795
705
857
850
453
852
371
620
677
840
968
280
477
751
102
221
837
357
610
63
626
560
823
692
592
342
819
510
417
170
68
372
595
856
348
43
901
697
177
151
116
680
612
428
548
996
974
20
345
465
176
53
870
44
903
613
450
251
698
634
983
943
879
549
717
140
345
413
979
450
832
942
887
174
922
102
244
878
761
527
679
9
884
646
566
885
203
459
672
929
875
429
149
382
84
738
337
558
825
895
535
380
380
910
120
747
118
75
924
473
896
254
111
927
11
786
351
863
325
195
540
640
573
239
881
874
187
512
682
852
53
127
489
564
748
495
66
210
509
74
655
441
124
694
580
967
20
105
231
314
89
277
930
58
336
617
737
536
256
11
273
304
281
139
562
683
139
57
84
715
455
260
1
25
750
5
219
837
336
192
638
909
451
167
510
906
636
746
646
519
568
790
682
156
570
944
499
730
217
90
322
839
45
323
727
470
887
192
553
818
941
559
979
846
295
493
691
505
648
413
262
240
101
694
732
454
526
273
274
712
81
268
372
924
349
505
243
252
987
467
191
562
13
441
949
35
358
774
848
469
741
864
746
190
258
472
567
955
955
653
281
522
130
86
875
287
825
340
652
924
636
44
263
787
268
63
38
854
794
604
778
632
224
524
244
393
1000
200
301
960
75
123
359
331
18
524
684
70
763
59
529
274
391
282
617
503
502
808
368
173
470
672
308
27
127
166
128
767
820
446
677
235
637
118
828
690
822
499
844
267
594
381
536
785
598
176
821
860
20
915
410
925
357
27
978
908
152
162
278
726
144
764
147
718
972
319
75
878
464
121
761
538
899
547
718
159
136
238
73
811
78
101
411
607
251
484
348
899
234
632
466
403
82
304
193
994
69
604
342
409
760
107
611
762
837
416
95
231
844
523
252
432
725
801
511
337
386
973
524
654
261
736
34
403
575
718
282
448
366
286
182
834
668
692
166
77
487
108
929
181
924
65
474
602
597
166
682
203
423
134
424
38
199
463
132
792
83
742
870
640
573
433
189
910
164
226
717
728
288
822
807
434
910
745
762
997
268
758
377
675
603
119
874
427
497
374
695
182
524
82
971
262
583
771
563
849
842
149
637
928
550
568
36
276
443
38
214
879
786
746
348
756
470
181
402
440
94
84
275
310
152
588
100
453
69
953
656
822
997
215
192
392
228
740
974
708
983
689
214
571
722
407
847
697
422
388
479
276
434
336
90
132
642
680
659
594
751
695
450
565
287
228
620
389
128
145
123
718
863
719
259
592
731
445
376
75
411
189
305
745
124
923
420
520
781
340
188
386
815
466
112
331
959
540
616
972
463
995
330
374
369
746
159
424
853
920
287
524
681
28
512
809
504
926
400
929
792
463
176
325
215
676
445
308
857
465
760
991
591
228
304
370
645
630
917
438
795
624
889
50
442
302
563
182
768
845
104
648
627
656
52
503
541
981
794
638
363
524
894
707
87
838
143
138
901
905
325
404
387
373
72
465
940
621
566
537
724
341
325
431
545
615
969
528
348
162
364
929
327
581
509
787
405
800
251
76
12
14
90
170
238
655
77
603
856
620
703
300
617
890
466
175
861
93
650
393
827
87
728
698
263
953
316
769
211
255
188
694
690
101
531
340
848
622
831
829
131
263
859
777
260
774
215
565
404
506
403
154
209
772
460
830
371
883
918
864
919
363
52
657
407
530
850
479
770
473
60
451
202
30
926
185
785
444
249
948
306
218
657
215
456
975
766
352
930
378
163
740
102
287
724
78
510
177
917
706
255
613
255
638
215
913
1
975
353
863
920
140
318
290
694
775
971
607
862
17
569
388
16
533
746
414
212
408
168
970
88
941
924
110
552
563
8
573
19
587
500
203
921
567
137
407
152
803
19
833
908
951
882
645
50
406
288
56
505
992
681
494
359
515
85
113
80
529
431
316
491
676
23
493
435
174
258
567
573
234
613
101
287
888
228
683
278
852
757
673
406
543
237
43
987
765
166
765
899
989
896
168
763
516
899
928
351
771
176
442
30
263
399
265
337
379
963
159
311
332
339
283
391
123
756
219
572
442
696
758
86
575
915
341
37
661
442
125
30
406
227
228
63
116
151
107
143
994
827
241
105
679
352
626
802
103
267
189
678
217
73
11
17
827
351
815
33
156
38
319
279
830
668
653
185
533
180
254
450
316
497
795
145
560
199
272
478
766
273
935
531
617
374
863
609
281
845
12
421
656
960
955
611
710
908
961
834
999
762
825
554
607
629
790
177
238
160
71
779
399
162
687
528
111
365
477
767
152
668
718
359
857
905
994
463
937
781
151
309
769
953
283
248
283
753
133
161
213
506
341
816
194
938
352
834
175
220
833
693
247
767
454
644
953
967
462
573
601
31
734
781
719
823
1
684
406
163
796
629
605
57
594
894
806
246
252
483
264
423
360
5
611
838
192
913
907
864
157
740
327
870
341
233
781
536
390
650
735
518
129
717
50
496
828
206
584
20
275
483
889
342
18
858
885
783
229
243
230
379
911
529
276
330
421
60
487
256
102
330
833
650
870
705
361
51
196
521
989
194
947
542
79
561
318
542
937
70
474
453
419
403
319
698
359
642
981
798
615
798
477
306
635
661
816
883
462
213
811
562
915
524
223
396
327
305
911
563
398
334
514
954
998
274
72
923
558
509
656
473
921
891
98
716
407
201
919
598
17
520
453
923
787
685
152
104
792
894
999
280
466
561
860
673
974
650
984
909
715
961
333
367
515
634
510
816
278
183
385
179
357
856
844
765
879
582
355
680
23
266
719
477
714
654
514
167
560
854
699
473
917
572
893
977
933
89
881
440
393
278
986
816
110
350
671
923
369
496
561
449
905
499
874
307
919
811
245
695
334
528
399
511
795
985
901
18
967
632
234
149
696
46
994
486
426
235
475
713
137
455
371
538
594
103
302
162
561
760
589
911
272
315
316
302
689
365
373
44
95
475
972
293
719
811
137
771
230
409
531
194
548
976
354
608
750
984
791
327
889
956
491
828
52
186
498
619
219
256
602
442
320
753
75
283
233
295
65
903
702
306
802
449
11
925
706
97
921
951
87
556
978
777
334
3
357
883
301
639
522
645
29
842
45
677
238
261
609
934
269
678
410
803
577
986
593
757
243
966
578
444
452
539
867
11
797
778
54
204
405
878
396
487
432
734
809
236
364
83
574
488
16
475
565
563
197
530
682
557
532
625
132
86
555
450
380
630
174
136
723
361
150
541
879
912
971
964
442
925
605
58
676
32
452
639
778
278
310
94
579
17
337
787
432
492
196
444
1000
970
79
111
570
855
945
236
970
268
227
407
969
856
157
489
819
255
960
482
864
75
629
100
76
798
279
777
805
830
709
202
518
438
47
589
528
847
430
590
285
422
600
508
462
321
974
710
361
726
186
773
367
695
32
289
386
249
252
801
808
173
717
482
56
667
330
929
211
503
496
46
780
190
216
369
996
149
234
115
69
308
137
587
615
622
273
498
782
405
172
781
350
585
419
706
401
478
599
718
608
505
201
40
361
589
989
134
871
978
393
66
711
399
38
262
633
554
810
523
70
960
738
449
893
12
458
900
260
963
895
221
715
651
246
335
872
831
173
254
848
86
658
38
896
892
751
235
185
528
135
323
551
826
153
275
509
933
983
496
336
421
183
702
642
690
198
995
277
525
185
150
456
29
886
781
966
480
738
949
619
712
335
366
385
275
926
874
838
684
624
864
120
759
132
997
283
550
989
736
54
598
446
807
275
378
772
663
498
528
530
763
287
47
700
256
69
327
612
456
56
34
972
539
180
939
703
938
171
80
425
599
672
371
230
21
299
432
170
525
178
407
472
176
947
951
668
462
148
705
780
133
331
197
607
886
897
528
951
726
413
381
972
107
868
931
710
291
89
226
835
114
777
192
221
918
774
287
437
323
301
873
120
424
38
654
703
154
770
366
55
860
966
809
459
48
537
589
328
549
49
426
567
776
804
393
880
690
628
446
247
239
251
384
252
17
262
666
521
223
668
460
156
118
935
102
361
281
44
17
84
517
337
769
346
654
293
153
381
635
199
190
640
459
704
233
786
442
59
98
524
529
205
214
377
772
183
694
754
8
333
461
291
755
176
408
797
261
152
483
421
119
992
739
861
108
907
711
495
1000
753
549
749
588
917
837
179
565
995
117
456
212
765
304
744
446
109
371
776
909
527
525
877
440
903
857
198
797
281
932
442
713
903
345
607
737
570
111
509
508
772
370
342
504
76
652
467
27
406
139
525
241
731
124
91
993
69
147
646
988
559
337
197
809
28
641
511
806
87
264
319
99
711
417
280
432
360
657
50
195
446
792
857
485
345
741
982
958
800
397
110
617
931
413
962
783
964
902
513
688
920
847
687
280
322
73
464
82
235
698
331
253
381
69
183
32
190
109
9
674
642
754
948
455
767
668
920
985
270
54
53
892
253
187
589
538
818
490
32
384
884
638
647
419
537
813
515
980
513
209
175
811
315
864
756
546
633
582
69
9
952
755
320
704
804
828
842
99
295
409
433
198
960
598
180
618
325
202
621
417
181
365
617
655
852
309
251
215
487
823
462
818
465
993
798
903
276
822
927
33
122
151
896
284
430
804
654
260
741
303
752
703
454
408
784
333
722
449
405
392
207
448
165
153
524
124
840
793
946
861
236
566
981
464
268
790
270
73
983
914
140
929
325
481
392
456
906
672
492
639
382
94
394
10
682
473
955
608
350
9
52
670
95
807
174
747
795
928
964
798
921
298
913
656
338
470
965
477
282
243
186
521
670
883
289
889
43
689
71
640
19
548
585
228
251
107
611
289
341
692
178
965
114
371
347
19
388
492
823
206
92
170
65
114
593
281
547
586
361
404
701
746
529
86
918
303
930
778
904
444
563
728
856
938
440
308
846
715
907
449
875
503
499
27
416
25
48
967
381
625
380
426
10
263
781
166
536
230
313
464
673
364
355
635
801
908
789
932
126
912
558
159
918
433
152
527
240
601
306
656
642
356
589
996
930
201
146
474
360
356
165
161
699
166
437
214
179
238
101
631
9
238
181
253
47
549
435
11
792
409
601
690
743
65
595
187
542
310
287
64
932
506
778
856
914
740
499
777
54
285
629
132
911
593
202
387
864
356
6
924
486
799
566
939
54
9
296
803
320
351
527
72
432
320
306
662
305
904
493
593
404
999
264
805
526
497
493
866
137
391
447
893
435
425
612
89
314
457
604
337
746
231
240
396
750
31
517
316
496
675
149
546
590
269
584
69
910
535
161
813
907
659
216
139
34
455
676
332
240
102
83
568
126
326
390
570
239
597
666
882
978
866
54
878
342
520
266
530
279
226
245
625
895
426
545
19
778
511
701
795
453
767
879
309
787
874
506
632
267
86
33
2
744
79
19
317
846
276
502
645
877
120
497
16
458
106
155
468
248
966
927
461
64
688
64
340
649
106
159
657
533
699
585
454
134
594
744
692
738
224
87
791
585
75
548
228
889
149
637
345
675
431
959
164
711
571
610
902
995
54
74
350
782
587
584
228
900
216
645
643
49
720
592
10
180
448
106
568
177
458
726
597
524
274
60
611
379
242
750
917
175
622
188
73
140
973
370
621
448
667
318
882
441
502
273
149
730
471
123
706
901
644
539
156
379
531
320
504
715
404
353
454
908
250
801
228
224
244
821
58
332
21
438
606
726
985
119
175
945
953
667
444
822
665
864
306
453
291
130
581
156
899
151
748
529
995
802
519
969
460
709
699
861
525
374
620
295
684
635
186
564
129
407
732
261
58
795
172
635
322
104
460
776
147
578
152
411
957
730
804
115
163
997
844
301
369
642
935
16
633
155
447
383
793
868
105
763
33
864
1
885
168
530
920
242
146
355
977
387
497
686
649
736
652
429
253
199
496
652
153
26
900
362
703
120
425
684
382
432
928
443
680
118
718
512
243
495
462
483
990
172
945
689
824
12
134
651
2
533
987
317
262
364
627
243
253
498
808
375
183
672
951
281
993
985
591
784
771
833
284
211
674
933
889
882
958
735
65
725
122
390
515
587
337
427
364
276
477
170
769
91
226
732
74
862
221
697
335
117
654
215
168
636
702
857
472
883
811
837
363
318
23
913
745
613
801
359
37
831
527
619
512
865
407
143
293
693
307
514
809
722
345
96
658
840
458
973
715
649
328
956
716
584
643
37
843
926
624
14
459
948
253
428
769
672
715
710
717
825
640
546
475
8
182
384
656
872
4
250
811
57
155
276
411
618
735
184
131
135
207
869
285
202
831
290
539
135
312
250
566
776
179
138
788
317
95
474
602
160
522
131
780
651
83
71
903
74
547
345
146
629
762
464
78
217
810
687
668
36
161
818
360
43
979
216
703
687
888
222
851
330
711
863
851
155
85
511
42
91
892
976
858
158
728
528
19
466
918
325
880
316
479
812
20
173
812
910
545
874
243
957
805
391
17
68
944
511
36
42
483
979
566
116
855
583
76
611
260
570
162
16
678
885
442
378
336
689
846
487
409
365
184
713
354
895
102
519
493
16
164
152
854
393
116
584
965
239
205
870
499
754
301
664
186
264
819
151
355
558
286
605
722
393
491
949
986
350
588
877
756
22
293
375
736
825
712
158
516
398
625
540
314
970
794
293
210
342
901
614
73
451
709
688
217
891
636
227
208
90
826
780
869
154
862
472
34
94
109
145
121
298
174
118
44
339
513
723
41
746
848
475
985
92
452
512
342
807
156
276
369
111
384
485
330
649
338
591
76
678
587
733
982
194
381
385
960
685
428
636
698
923
817
239
776
836
881
260
897
850
371
940
202
781
786
662
443
814
321
114
842
678
884
297
116
855
902
500
314
630
687
940
914
858
613
796
447
268
776
196
934
303
512
951
799
152
392
809
359
15
307
583
356
357
955
962
821
401
672
764
419
762
53
966
200
825
735
671
760
968
210
297
379
265
47
228
239
489
887
870
235
412
740
906
225
149
982
740
965
135
524
748
661
372
780
100
596
198
332
218
493
484
717
124
829
74
71
300
533
712
744
124
415
562
40
762
366
686
583
116
585
155
791
879
970
246
717
196
199
855
875
309
433
279
178
836
111
157
402
97
826
896
187
182
225
963
495
683
730
237
601
767
876
894
958
655
447
890
143
392
242
675
617
445
554
362
214
705
9
377
753
547
546
418
514
897
170
745
424
123
445
795
579
276
976
983
937
198
542
709
696
359
345
251
848
479
215
969
41
499
717
45
84
912
897
456
684
9
260
388
915
944
34
608
334
922
529
869
713
285
934
364
745
938
657
272
281
785
387
69
722
892
298
227
78
909
666
954
637
928
301
768
732
251
218
93
206
138
199
683
498
624
289
6
991
439
981
239
984
256
765
318
612
161
88
955
596
137
351
268
92
687
145
126
372
666
172
159
900
832
201
527
868
765
370
598
394
197
741
603
158
657
705
252
548
95
302
871
357
359
100
46
883
929
236
768
854
666
817
163
502
755
864
171
507
455
979
563
301
768
484
728
617
706
649
804
721
105
595
14
87
318
103
884
344
927
833
646
314
653
297
424
805
962
729
608
791
208
862
372
526
323
731
401
899
978
757
728
248
875
112
399
170
149
856
564
744
348
537
833
273
656
880
694
83
476
638
257
568
894
475
194
84
623
693
396
599
8
571
420
632
14
333
1
470
457
141
835
806
743
987
332
486
315
110
175
145
649
593
282
714
68
124
550
658
677
878
522
552
167
603
431
80
326
959
129
474
827
242
469
846
58
666
172
831
99
63
710
194
515
22
789
801
538
106
72
623
129
246
214
26
394
709
617
154
421
794
773
251
656
970
588
875
153
570
982
483
424
527
863
479
435
827
747
500
831
933
760
273
179
207
178
193
237
466
68
942
166
148
287
111
914
355
103
481
980
298
303
880
51
888
429
893
567
258
386
491
668
261
239
185
502
397
569
558
580
849
135
870
208
374
133
674
380
164
663
463
467
439
833
323
605
959
761
665
965
96
987
534
596
555
165
924
190
522
206
461
699
106
485
164
742
487
826
419
781
862
912
528
619
97
77
47
217
812
858
615
619
511
589
676
477
411
613
86
287
862
712
444
898
600
758
143
937
319
143
327
522
114
54
345
750
884
360
490
258
863
979
82
409
284
448
157
132
237
470
567
348
472
24
131
480
640
113
990
845
354
769
267
376
508
83
767
933
563
29
980
510
627
117
603
284
753
2
939
250
811
437
126
573
919
815
631
386
765
235
27
114
359
99
638
87
405
147
536
347
204
519
233
759
64
545
758
282
280
250
264
744
911
565
169
539
381
217
915
746
411
840
551
905
364
348
380
17
494
649
23
400
308
766
769
865
171
996
508
67
535
8
871
981
989
552
238
410
395
166
689
556
428
723
521
619
281
871
427
21
776
362
262
762
557
16
406
150
941
897
875
780
567
64
602
624
583
756
841
612
636
60
347
986
441
871
113
382
688
920
306
585
246
563
195
123
978
349
17
109
328
748
245
502
187
374
577
420
979
990
630
510
988
265
432
923
659
256
126
267
161
687
702
392
521
999
830
83
767
606
302
114
464
488
666
391
23
325
634
448
156
59
650
24
242
208
131
766
841
494
102
426
359
783
757
679
503
405
893
906
216
817
573
849
469
211
981
363
593
713
504
567
804
881
189
155
676
990
929
770
177
715
2
811
587
228
786
466
668
142
910
9
205
394
859
708
844
21
344
389
578
10
860
347
421
164
748
591
75
280
689
158
285
247
626
969
480
111
99
936
827
185
125
286
206
783
943
250
893
160
989
711
100
212
113
54
159
962
518
41
270
604
531
209
194
874
365
958
294
551
577
299
195
716
528
667
905
154
548
434
734
632
741
644
74
579
844
987
901
230
16
655
782
361
407
90
857
244
155
874
227
794
968
146
2
61
692
253
40
857
959
718
81
269
913
717
527
907
549
155
662
375
419
194
530
22
272
921
844
785
452
351
583
341
774
104
284
787
150
980
716
759
684
570
669
11
295
730
71
184
298
779
917
347
696
397
837
40
195
700
470
585
413
447
108
656
352
318
423
235
217
437
228
35
927
885
9
898
10
235
44
644
679
696
41
112
843
877
449
356
185
610
668
235
553
679
680
995
435
292
870
300
88
441
914
131
522
679
156
182
94
870
972
606
338
418
512
497
55
942
284
398
704
489
36
578
70
144
425
666
569
522
756
871
707
88
818
148
973
47
85
722
218
91
473
183
978
421
969
382
674
880
603
520
542
823
426
142
400
751
339
67
23
806
180
592
736
583
135
844
518
229
251
480
534
747
331
84
151
375
489
434
474
431
638
276
676
57
822
596
243
456
914
146
340
79
871
124
931
753
654
965
757
195
728
866
707
394
148
398
707
208
267
603
813
878
588
533
119
947
857
150
639
346
561
374
614
120
285
248
287
950
283
151
217
643
848
175
873
131
320
89
190
549
840
723
36
756
249
756
791
867
148
586
538
789
493
970
73
480
262
843
20
383
945
690
740
683
396
873
733
817
127
95
75
442
866
301
899
893
413
790
999
578
854
742
448
764
552
614
287
281
405
828
234
844
596
852
227
362
660
299
199
731
912
111
42
105
562
340
214
595
811
478
156
502
331
599
858
610
230
920
279
500
254
119
740
679
492
391
221
840
634
400
910
610
717
377
42
93
732
416
195
737
995
171
404
435
27
30
817
203
935
44
625
16
755
714
921
549
419
391
750
647
630
408
535
970
966
496
94
829
817
658
715
629
661
645
258
190
684
253
816
512
197
80
701
716
861
237
112
81
811
601
241
182
910
402
340
288
956
348
818
981
519
580
232
322
711
136
705
636
867
397
503
956
937
241
195
401
321
386
564
230
670
30
783
440
819
799
326
989
145
172
592
251
215
481
11
882
96
865
531
648
973
914
63
741
430
178
756
650
460
100
593
702
113
187
498
716
504
491
789
634
627
158
781
8
366
93
977
238
272
36
162
617
50
694
981
368
693
687
56
44
306
819
625
378
16
882
135
62
111
461
667
330
497
840
541
624
423
552
292
757
278
142
33
125
199
343
995
554
191
804
294
4
732
835
58
707
280
2
972
877
126
248
531
732
642
549
289
351
17
783
807
731
138
27
634
950
693
611
107
551
745
20
104
538
760
458
998
825
675
81
739
6
43
321
267
770
707
408
179
748
620
79
376
40
505
969
499
458
608
163
554
4
804
19
17
728
458
470
674
347
834
77
511
93
132
91
218
174
4
750
990
833
561
534
363
884
983
776
324
415
876
665
876
156
991
243
216
545
320
969
513
728
490
426
42
492
758
470
358
407
898
176
368
579
460
267
596
501
303
391
640
39
657
862
207
571
374
617
577
816
385
708
641
788
188
670
263
41
941
235
263
186
969
641
402
248
973
925
641
589
243
195
41
77
251
876
610
999
846
339
687
660
771
97
116
11
114
10
896
202
2
42
884
820
253
988
418
973
141
582
786
98
653
381
670
999
619
899
151
437
256
261
834
536
714
63
660
465
58
273
496
46
506
881
397
574
648
543
305
4
689
375
640
202
613
566
307
167
312
922
261
518
163
997
984
177
849
148
48
886
589
554
530
43
244
310
340
517
136
551
846
889
904
728
189
716
324
679
688
181
216
96
616
448
257
811
23
653
75
534
328
222
888
443
753
3
950
853
88
538
987
976
113
54
437
471
2
675
742
112
196
620
988
401
145
574
838
500
822
415
458
772
887
828
777
788
235
240
919
31
764
238
137
280
475
826
72
764
172
682
624
278
386
866
520
293
3
401
562
464
892
904
943
613
507
346
786
721
47
798
45
187
822
449
896
746
165
966
264
354
292
696
794
221
295
481
337
734
149
121
51
878
215
96
959
553
922
500
837
334
728
276
357
937
831
847
448
753
695
394
331
418
840
558
451
263
193
814
557
699
607
594
451
216
292
590
449
847
82
647
549
415
439
321
425
129
923
98
343
292
247
70
799
745
306
72
532
958
351
661
571
686
947
736
877
451
400
190
257
984
729
918
434
562
161
764
655
107
65
80
263
193
300
847
509
948
92
76
597
510
824
368
970
466
298
858
284
941
473
314
447
237
2
737
660
488
114
318
840
338
766
56
726
956
556
398
730
739
681
646
609
608
113
25
89
805
509
629
187
399
181
426
70
172
312
897
789
495
179
31
2
570
88
49
852
149
380
838
997
663
782
33
448
879
236
382
499
995
21
798
500
546
752
93
659
622
681
531
612
503
171
541
168
686
87
758
46
608
876
122
275
11
167
363
969
11
998
274
101
487
382
443
881
327
391
713
770
379
235
940
612
315
365
946
183
217
152
838
443
764
410
371
789
436
742
768
616
177
479
239
940
991
503
747
258
523
311
346
777
456
593
700
328
438
691
747
210
894
339
180
411
343
899
527
116
125
47
527
496
845
64
524
363
855
952
917
918
33
41
317
467
925
96
437
105
896
866
744
759
712
399
812
486
237
431
190
22
68
750
684
705
993
417
576
177
74
594
347
327
126
265
963
754
670
187
304
543
874
562
677
37
961
520
616
896
687
199
143
810
631
847
955
402
167
685
587
471
258
970
682
691
836
21
869
269
61
450
558
845
559
122
657
992
969
435
104
819
550
815
664
555
432
966
551
539
719
128
358
740
667
554
820
668
606
868
617
696
834
505
176
418
289
134
123
6
223
202
176
337
386
231
114
15
506
329
83
976
438
92
923
78
245
794
24
673
798
97
767
320
206
880
187
620
484
397
714
43
988
144
392
191
606
785
423
105
121
603
764
517
272
143
403
748
897
730
183
837
570
883
208
206
42
682
252
337
862
297
183
118
114
673
185
975
598
318
815
728
773
42
886
867
306
471
123
899
590
99
780
675
98
685
677
657
781
956
431
101
439
298
340
449
710
203
108
331
738
97
738
247
904
308
986
441
123
148
604
992
218
134
660
282
463
187
303
180
847
138
348
220
438
406
133
43
397
135
770
267
808
604
820
498
660
300
666
51
856
340
768
8
411
271
192
881
958
468
440
358
697
110
701
480
793
380
48
474
222
622
909
692
820
970
817
382
659
867
424
761
276
956
581
77
788
997
584
36
97
993
219
347
301
614
81
518
749
360
660
343
815
987
131
860
546
959
927
660
693
705
898
779
63
116
749
711
887
489
616
519
1
864
35
674
370
727
960
125
238
967
162
218
258
581
822
546
473
139
623
955
237
558
631
304
899
76
490
53
627
439
947
518
429
636
461
442
787
96
980
161
595
464
109
93
407
494
137
240
190
669
304
431
665
645
897
638
784
273
100
298
94
489
672
524
658
706
352
282
30
753
140
998
666
675
932
601
558
947
209
26
63
804
3
123
532
381
161
808
658
42
250
985
828
446
764
475
344
100
662
767
338
633
355
571
259
436
397
971
484
333
919
885
823
461
615
854
222
729
350
429
876
384
436
287
649
172
982
436
75
121
668
587
790
991
977
9
354
585
221
506
587
443
293
981
835
731
186
208
719
393
806
72
577
839
244
622
491
920
196
327
523
820
948
401
589
737
162
1
674
832
754
74
698
490
41
251
292
189
320
585
134
955
950
823
79
937
451
261
661
840
110
313
481
703
276
465
535
213
241
137
260
437
553
255
17
850
384
527
267
732
414
519
629
68
668
621
688
6
660
322
147
979
460
161
385
899
808
824
237
781
591
665
264
244
184
89
850
191
160
40
598
96
300
758
730
365
962
279
307
347
876
978
661
265
115
52
35
710
721
890
968
931
832
838
515
575
60
467
705
828
226
695
61
233
445
922
584
733
346
407
915
102
638
175
674
62
914
527
815
157
618
940
870
622
347
749
551
737
924
285
194
647
748
862
456
88
998
754
246
306
629
179
369
302
14
262
786
629
93
445
878
407
303
901
209
488
319
303
708
849
19
127
494
233
539
118
109
333
981
325
538
489
92
995
90
295
667
77
919
362
773
187
432
137
338
182
61
821
108
957
185
218
650
402
971
205
323
477
115
776
595
740
873
248
172
113
205
846
563
700
195
327
381
924
616
431
906
305
929
923
420
837
882
155
955
68
883
501
638
911
455
847
596
505
716
353
176
849
989
712
495
726
990
740
981
514
640
554
269
301
991
728
912
526
978
759
300
661
711
474
508
167
256
899
679
266
201
407
56
998
264
201
188
990
760
297
517
987
221
535
885
616
231
547
497
885
889
892
379
986
361
233
489
934
695
223
437
353
11
107
839
808
723
631
378
59
55
106
917
803
636
992
769
40
133
529
744
679
349
897
755
25
58
574
681
241
362
788
396
44
978
325
547
772
505
769
673
691
958
766
988
405
255
621
366
907
764
589
56
903
397
132
42
924
114
948
442
345
973
168
584
340
256
657
740
419
967
172
118
498
272
569
896
860
767
312
359
931
894
743
360
902
410
283
609
820
290
997
699
937
386
494
376
153
619
518
445
33
465
36
407
534
151
544
824
978
888
345
397
310
360
960
197
144
979
513
61
206
784
394
326
391
471
801
118
398
305
209
647
384
432
800
426
826
18
35
810
880
321
384
148
617
83
149
669
851
536
737
119
697
749
271
233
786
522
468
665
698
850
515
907
842
852
174
497
405
784
609
846
354
869
770
238
56
432
664
969
243
624
375
201
168
772
750
581
712
856
401
997
106
401
626
954
524
273
29
127
339
733
318
428
92
365
150
751
242
413
382
252
357
378
748
137
238
564
782
660
334
319
139
699
674
232
847
61
265
339
566
172
87
993
624
453
552
982
501
614
309
210
219
879
643
416
455
328
929
781
322
348
791
770
609
823
460
198
755
317
823
250
802
751
427
451
555
693
944
13
932
844
899
446
752
412
665
510
215
69
451
770
401
124
451
288
741
789
375
270
36
610
132
615
415
981
121
613
463
924
622
186
47
109
686
994
969
89
82
173
14
553
378
856
41
114
922
862
764
961
473
32
779
275
175
790
738
995
892
945
544
198
99
796
870
872
76
243
793
555
159
571
391
326
537
977
14
294
996
606
734
636
3
362
166
391
371
380
34
585
603
313
714
522
813
450
266
821
215
486
616
42
446
233
563
929
262
194
145
255
369
659
453
201
897
810
805
441
154
202
223
885
395
815
494
880
142
813
835
644
565
90
489
78
767
86
877
314
985
292
569
276
439
974
862
957
617
574
814
783
794
976
636
546
234
574
258
980
845
24
456
187
327
750
322
860
504
641
861
464
978
276
897
989
356
75
136
996
107
970
939
394
65
825
136
232
654
468
24
965
332
168
696
600
732
848
348
642
411
972
209
813
912
754
49
887
182
293
624
244
830
986
909
98
591
990
936
52
318
394
438
964
70
468
8
937
45
321
74
289
154
410
660
102
55
529
523
42
407
862
740
512
758
396
260
848
728
610
838
136
687
82
704
889
756
886
338
942
306
9
320
740
194
80
536
415
31
239
39
902
875
293
614
55
840
892
452
405
661
252
551
843
275
299
973
305
462
118
984
204
583
305
119
904
299
661
265
158
907
419
500
260
504
686
934
569
221
495
287
616
724
433
514
730
102
253
497
361
271
518
575
833
282
411
580
768
706
336
590
995
538
695
983
852
8
134
856
208
704
681
533
215
220
385
680
153
26
6
718
188
311
234
336
188
535
23
109
8
989
702
416
294
100
37
261
260
595
168
829
923
989
850
176
354
399
242
433
9
65
478
125
686
803
825
280
848
20
870
902
328
338
804
938
617
985
480
904
734
515
507
14
50
566
550
418
574
956
559
523
798
875
648
916
618
140
374
843
65
745
481
324
554
494
660
590
169
587
176
653
638
439
190
659
973
837
137
195
710
56
403
366
19
72
763
844
418
572
506
662
10
860
375
462
120
746
179
263
476
63
215
487
117
950
758
579
164
671
282
74
114
795
188
178
366
544
559
860
817
681
351
357
485
26
653
701
230
362
227
140
60
103
726
576
361
672
743
722
459
215
108
347
9
489
561
986
57
662
819
120
253
847
46
32
713
915
584
486
728
455
859
820
541
712
312
742
452
377
23
405
56
606
231
736
830
973
454
645
498
68
280
772
107
304
385
130
839
779
942
385
980
159
965
335
82
22
705
134
38
137
453
135
614
861
842
645
804
339
488
255
602
221
579
38
635
765
325
437
39
845
435
940
945
224
942
492
673
222
114
974
616
936
606
590
952
482
900
766
607
547
768
331
545
358
788
314
360
481
119
641
330
562
331
145
706
347
234
578
477
169
897
653
336
498
273
646
963
946
34
834
579
177
534
946
321
953
414
904
711
720
612
634
460
460
110
300
267
633
472
689
788
736
585
543
398
200
444
43
25
399
443
182
123
294
117
115
768
205
621
343
873
348
696
225
374
473
316
679
414
671
685
276
234
490
546
957
243
133
659
48
911
744
519
741
218
78
210
835
619
36
383
999
638
55
803
417
158
623
127
562
560
919
920
100
308
881
921
332
237
989
154
797
893
113
896
231
994
771
27
562
109
523
22
629
240
229
142
122
998
46
688
427
916
726
866
383
675
652
276
477
239
454
229
725
387
669
407
497
248
447
534
664
266
22
146
136
722
164
377
401
632
231
696
404
176
629
148
873
17
163
425
519
101
881
971
378
737
18
948
381
265
383
205
932
92
409
642
904
608
289
408
413
12
414
343
458
841
213
347
426
836
223
931
861
390
76
636
797
896
362
969
336
225
931
961
554
372
81
330
979
179
973
914
856
810
692
725
703
328
401
558
355
243
150
438
789
700
60
549
434
675
570
773
541
487
662
49
804
809
408
224
428
755
908
16
33
733
143
474
501
427
741
168
669
533
352
141
149
694
542
238
722
829
25
265
460
412
99
725
786
502
383
984
751
189
909
118
847
643
985
100
767
795
545
959
547
716
487
42
396
236
891
719
820
63
289
418
697
947
387
25
595
224
425
73
267
804
893
716
48
731
940
861
134
129
619
219
875
969
439
419
513
836
298
627
325
625
512
311
465
53
798
958
94
676
9
543
800
276
766
769
945
413
59
365
259
592
206
817
775
290
886
133
508
420
318
903
153
289
996
231
465
212
984
613
256
395
738
997
205
913
970
170
54
372
517
56
523
44
729
662
789
32
638
164
735
707
592
197
656
689
231
165
876
528
441
660
125
726
377
784
496
527
562
64
803
926
669
46
713
286
925
807
447
416
729
488
686
69
515
296
33
547
35
535
704
260
781
190
754
677
224
698
81
543
780
511
831
114
15
177
143
684
776
62
116
17
431
879
718
581
51
828
32
989
1000
237
12
754
340
583
652
922
43
409
735
25
520
875
446
171
754
946
224
542
964
827
323
216
489
608
606
352
921
474
65
382
750
286
317
763
87
529
897
161
392
45
60
230
380
446
600
867
161
916
556
686
255
769
141
555
53
842
632
720
888
83
433
744
678
885
13
166
112
636
438
756
109
197
151
9
821
673
606
399
684
352
883
278
824
676
560
484
479
573
491
906
390
539
30
583
129
192
661
984
849
462
953
186
191
170
633
818
536
537
16
970
191
441
783
54
787
971
746
771
369
385
386
310
867
714
307
611
123
174
535
331
104
362
779
560
890
139
44
808
975
759
404
604
478
426
100
624
574
660
147
215
963
517
737
76
69
664
658
560
195
792
242
994
541
70
616
129
610
376
554
31
710
791
292
9
294
141
50
744
27
795
375
944
295
747
314
72
266
507
823
307
806
881
685
844
460
913
726
85
117
58
800
180
400
202
635
670
14
991
384
96
419
572
778
143
55
672
264
879
170
588
9
4
67
554
718
40
507
60
325
217
62
130
961
561
536
284
26
534
843
248
851
967
691
612
529
97
874
692
709
386
881
237
287
918
632
753
10
144
991
378
415
374
971
369
170
835
589
359
401
135
916
588
931
265
220
782
607
42
720
271
990
231
347
586
984
203
642
70
757
379
855
610
562
275
164
867
311
871
13
326
411
976
362
672
301
930
878
621
741
997
2
976
629
739
367
151
503
11
168
621
739
76
206
614
808
930
529
593
476
446
440
651
532
301
647
368
992
899
793
651
33
124
314
89
5
168
978
413
420
194
401
41
145
988
60
407
1
312
292
844
606
89
991
490
355
310
143
648
224
272
215
831
651
614
432
595
355
838
923
722
513
50
765
386
833
881
344
256
102
450
70
882
190
584
504
342
328
984
150
925
43
889
18
967
408
540
120
930
826
578
397
776
177
55
536
541
739
540
284
772
105
928
365
424
820
75
119
695
662
615
512
994
590
261
14
179
756
356
414
678
320
419
570
39
407
88
578
718
314
361
488
870
697
184
817
569
403
505
483
989
735
937
200
133
846
833
638
678
469
477
705
178
907
103
236
803
769
135
337
613
608
665
245
311
761
497
890
245
791
351
346
38
262
49
165
426
154
394
926
629
756
836
726
247
277
689
120
117
461
923
509
992
982
283
437
810
252
136
447
236
436
107
877
531
272
763
630
946
390
260
109
537
365
885
975
854
434
656
643
833
298
796
130
943
970
795
969
867
640
30
902
686
67
461
347
103
865
94
512
86
326
108
160
109
459
333
458
611
960
253
883
900
534
297
892
591
296
17
791
525
568
12
900
617
103
57
771
198
996
276
108
708
664
150
549
57
535
672
397
119
131
646
25
284
479
517
321
447
613
376
636
58
518
844
439
136
53
392
411
363
835
520
176
521
709
7
689
760
755
118
202
863
255
778
668
60
681
893
533
588
208
651
141
92
922
150
264
945
372
489
454
502
310
994
474
120
790
151
787
534
290
431
166
3
84
145
96
191
251
517
758
410
617
108
991
499
591
199
453
260
409
517
352
218
765
81
215
331
193
29
615
306
270
141
511
517
700
925
217
211
399
796
300
474
288
844
770
405
824
839
793
84
3
513
510
462
40
616
592
601
491
854
715
326
722
278
169
251
457
231
671
169
89
990
737
23
121
484
148
930
299
346
212
962
376
766
954
224
490
940
587
637
822
74
423
499
650
153
127
81
811
163
682
405
814
847
324
604
527
634
431
650
187
979
568
544
331
766
811
336
738
960
227
983
629
362
714
209
267
863
340
781
883
690
659
117
558
886
862
383
998
598
815
363
961
929
46
244
473
691
663
433
353
160
611
914
433
859
248
75
209
162
999
331
447
71
620
339
628
386
865
990
288
137
541
252
728
847
141
195
781
153
858
911
902
729
897
131
594
246
249
53
655
202
827
653
