100
3219
364
-4670
4083
-7616
6541
4587
-375
7507
3105
-1924
9696
6116
-4565
-1823
4084
8094
7408
-4202
-279
-9354
-215
3878
1416
-3437
-6342
-5669
9731
-1402
-19
-7799
2464
-3415
4015
2881
9390
-8766
9017
2145
-4636
-770
-9227
-4678
3643
9033
3020
5315
-3185
3721
4412
-2728
-4230
7440
3220
-7490
4649
1276
-745
-8898
-1849
-6304
-1768
-8385
2242
3749
533
2158
2081
-1136
-6096
2553
-1383
-4736
-2129
3788
-7577
1996
1256
-8189
8941
4978
-9410
-1103
8529
9661
1714
8073
-9295
2535
-2670
4367
885
4258
9765
755
9604
2118
212
2650
-912
